fra;clage_vacsi;jour;n_dose1;n_complet;n_cum_dose1;n_cum_complet;couv_dose1;couv_complet
FR;24;2020-12-27;1;0;1;0;0.0;0.0
FR;24;2020-12-28;3;0;4;0;0.0;0.0
FR;24;2020-12-29;0;0;4;0;0.0;0.0
FR;24;2020-12-30;0;0;4;0;0.0;0.0
FR;24;2020-12-31;1;0;5;0;0.0;0.0
FR;24;2021-01-01;2;0;7;0;0.0;0.0
FR;24;2021-01-02;2;1;9;1;0.0;0.0
FR;24;2021-01-03;2;0;11;1;0.0;0.0
FR;24;2021-01-04;4;0;15;1;0.0;0.0
FR;24;2021-01-05;17;1;32;2;0.0;0.0
FR;24;2021-01-06;37;1;69;3;0.0;0.0
FR;24;2021-01-07;181;0;250;3;0.0;0.0
FR;24;2021-01-08;217;0;467;3;0.0;0.0
FR;24;2021-01-09;39;0;506;3;0.0;0.0
FR;24;2021-01-10;35;0;541;3;0.0;0.0
FR;24;2021-01-11;257;2;798;5;0.0;0.0
FR;24;2021-01-12;398;5;1196;10;0.0;0.0
FR;24;2021-01-13;482;5;1678;15;0.0;0.0
FR;24;2021-01-14;616;8;2294;23;0.0;0.0
FR;24;2021-01-15;600;3;2894;26;0.1;0.0
FR;24;2021-01-16;119;3;3013;29;0.1;0.0
FR;24;2021-01-17;95;0;3108;29;0.1;0.0
FR;24;2021-01-18;511;5;3619;34;0.1;0.0
FR;24;2021-01-19;601;7;4220;41;0.1;0.0
FR;24;2021-01-20;652;2;4872;43;0.1;0.0
FR;24;2021-01-21;762;5;5634;48;0.1;0.0
FR;24;2021-01-22;609;6;6243;54;0.1;0.0
FR;24;2021-01-23;121;0;6364;54;0.1;0.0
FR;24;2021-01-24;22;0;6386;54;0.1;0.0
FR;24;2021-01-25;295;7;6681;61;0.1;0.0
FR;24;2021-01-26;367;13;7048;74;0.1;0.0
FR;24;2021-01-27;450;16;7498;90;0.1;0.0
FR;24;2021-01-28;603;54;8101;144;0.1;0.0
FR;24;2021-01-29;470;85;8571;229;0.2;0.0
FR;24;2021-01-30;88;16;8659;245;0.2;0.0
FR;24;2021-01-31;26;13;8685;258;0.2;0.0
FR;24;2021-02-01;157;136;8842;394;0.2;0.0
FR;24;2021-02-02;219;183;9061;577;0.2;0.0
FR;24;2021-02-03;219;188;9280;765;0.2;0.0
FR;24;2021-02-04;362;317;9642;1082;0.2;0.0
FR;24;2021-02-05;348;345;9990;1427;0.2;0.0
FR;24;2021-02-06;84;71;10074;1498;0.2;0.0
FR;24;2021-02-07;169;32;10243;1530;0.2;0.0
FR;24;2021-02-08;390;361;10633;1891;0.2;0.0
FR;24;2021-02-09;752;468;11385;2359;0.2;0.0
FR;24;2021-02-10;1096;617;12481;2976;0.2;0.1
FR;24;2021-02-11;1585;732;14066;3708;0.3;0.1
FR;24;2021-02-12;1632;585;15698;4293;0.3;0.1
FR;24;2021-02-13;294;99;15992;4392;0.3;0.1
FR;24;2021-02-14;63;32;16055;4424;0.3;0.1
FR;24;2021-02-15;1055;405;17110;4829;0.3;0.1
FR;24;2021-02-16;1569;601;18679;5430;0.3;0.1
FR;24;2021-02-17;1501;518;20180;5948;0.4;0.1
FR;24;2021-02-18;1956;656;22136;6604;0.4;0.1
FR;24;2021-02-19;1868;588;24004;7192;0.4;0.1
FR;24;2021-02-20;336;90;24340;7282;0.4;0.1
FR;24;2021-02-21;41;19;24381;7301;0.4;0.1
FR;24;2021-02-22;1172;315;25553;7616;0.5;0.1
FR;24;2021-02-23;1594;412;27147;8028;0.5;0.1
FR;24;2021-02-24;1660;364;28807;8392;0.5;0.2
FR;24;2021-02-25;2299;521;31106;8913;0.6;0.2
FR;24;2021-02-26;2212;434;33318;9347;0.6;0.2
FR;24;2021-02-27;535;89;33853;9436;0.6;0.2
FR;24;2021-02-28;93;18;33946;9454;0.6;0.2
FR;24;2021-03-01;1273;274;35219;9728;0.6;0.2
FR;24;2021-03-02;1671;344;36890;10072;0.7;0.2
FR;24;2021-03-03;1783;403;38673;10475;0.7;0.2
FR;24;2021-03-04;2205;570;40878;11045;0.8;0.2
FR;24;2021-03-05;3350;587;44228;11632;0.8;0.2
FR;24;2021-03-06;1734;180;45962;11812;0.8;0.2
FR;24;2021-03-07;992;94;46954;11906;0.9;0.2
FR;24;2021-03-08;1997;293;48951;12199;0.9;0.2
FR;24;2021-03-09;2654;389;51605;12588;1.0;0.2
FR;24;2021-03-10;2473;441;54078;13029;1.0;0.2
FR;24;2021-03-11;2979;592;57057;13621;1.1;0.3
FR;24;2021-03-12;3877;515;60934;14136;1.1;0.3
FR;24;2021-03-13;1509;138;62443;14274;1.2;0.3
FR;24;2021-03-14;538;50;62981;14324;1.2;0.3
FR;24;2021-03-15;1853;314;64834;14638;1.2;0.3
FR;24;2021-03-16;835;330;65669;14968;1.2;0.3
FR;24;2021-03-17;1085;342;66754;15310;1.2;0.3
FR;24;2021-03-18;1316;471;68070;15781;1.3;0.3
FR;24;2021-03-19;1881;398;69951;16179;1.3;0.3
FR;24;2021-03-20;840;101;70791;16280;1.3;0.3
FR;24;2021-03-21;641;83;71432;16363;1.3;0.3
FR;24;2021-03-22;1513;330;72945;16693;1.3;0.3
FR;24;2021-03-23;1813;435;74758;17128;1.4;0.3
FR;24;2021-03-24;2171;402;76929;17530;1.4;0.3
FR;24;2021-03-25;2579;537;79508;18067;1.5;0.3
FR;24;2021-03-26;3184;544;82692;18611;1.5;0.3
FR;24;2021-03-27;1909;239;84601;18850;1.6;0.3
FR;24;2021-03-28;1017;92;85618;18942;1.6;0.3
FR;24;2021-03-29;2481;410;88099;19352;1.6;0.4
FR;24;2021-03-30;3670;600;91769;19952;1.7;0.4
FR;24;2021-03-31;4214;607;95983;20559;1.8;0.4
FR;24;2021-04-01;5458;848;101441;21407;1.9;0.4
FR;24;2021-04-02;4516;716;105957;22123;2.0;0.4
FR;24;2021-04-03;1763;362;107720;22485;2.0;0.4
FR;24;2021-04-04;961;144;108681;22629;2.0;0.4
FR;24;2021-04-05;1109;149;109790;22778;2.0;0.4
FR;24;2021-04-06;3584;658;113374;23436;2.1;0.4
FR;24;2021-04-07;4819;894;118193;24330;2.2;0.4
FR;24;2021-04-08;6421;1194;124614;25524;2.3;0.5
FR;24;2021-04-09;5817;1159;130431;26683;2.4;0.5
FR;24;2021-04-10;2636;602;133067;27285;2.5;0.5
FR;24;2021-04-11;1263;326;134330;27611;2.5;0.5
FR;24;2021-04-12;3474;985;137804;28596;2.5;0.5
FR;24;2021-04-13;4822;1206;142626;29802;2.6;0.5
FR;24;2021-04-14;5006;1379;147632;31181;2.7;0.6
FR;24;2021-04-15;5272;1652;152904;32833;2.8;0.6
FR;24;2021-04-16;4888;1729;157792;34562;2.9;0.6
FR;24;2021-04-17;2145;820;159937;35382;2.9;0.7
FR;24;2021-04-18;731;449;160668;35831;3.0;0.7
FR;24;2021-04-19;2970;1556;163638;37387;3.0;0.7
FR;24;2021-04-20;3159;2172;166797;39559;3.1;0.7
FR;24;2021-04-21;3462;2524;170259;42083;3.1;0.8
FR;24;2021-04-22;4067;3192;174326;45275;3.2;0.8
FR;24;2021-04-23;4271;3358;178597;48633;3.3;0.9
FR;24;2021-04-24;2404;1701;181001;50334;3.3;0.9
FR;24;2021-04-25;1237;812;182238;51146;3.4;0.9
FR;24;2021-04-26;3141;2215;185379;53361;3.4;1.0
FR;24;2021-04-27;3971;3216;189350;56577;3.5;1.0
FR;24;2021-04-28;4521;3800;193871;60377;3.6;1.1
FR;24;2021-04-29;5568;4511;199439;64888;3.7;1.2
FR;24;2021-04-30;6306;4678;205745;69566;3.8;1.3
FR;24;2021-05-01;4053;1112;209798;70678;3.9;1.3
FR;24;2021-05-02;2804;918;212602;71596;3.9;1.3
FR;24;2021-05-03;6439;4192;219041;75788;4.0;1.4
FR;24;2021-05-04;7709;4773;226750;80561;4.2;1.5
FR;24;2021-05-05;8913;5017;235663;85578;4.3;1.6
FR;24;2021-05-06;11021;6448;246684;92026;4.5;1.7
FR;24;2021-05-07;12283;6497;258967;98523;4.8;1.8
FR;24;2021-05-08;10609;2611;269576;101134;5.0;1.9
FR;24;2021-05-09;6961;1976;276537;103110;5.1;1.9
FR;24;2021-05-10;11315;5034;287852;108144;5.3;2.0
FR;24;2021-05-11;15808;5840;303660;113984;5.6;2.1
FR;24;2021-05-12;23387;6302;327047;120286;6.0;2.2
FR;24;2021-05-13;27933;3197;354980;123483;6.5;2.3
FR;24;2021-05-14;33147;5706;388127;129189;7.2;2.4
FR;24;2021-05-15;34520;4133;422647;133322;7.8;2.5
FR;24;2021-05-16;22104;2067;444751;135389;8.2;2.5
FR;24;2021-05-17;29979;5376;474730;140765;8.8;2.6
FR;24;2021-05-18;38469;6211;513199;146976;9.5;2.7
FR;24;2021-05-19;40587;7209;553786;154185;10.2;2.8
FR;24;2021-05-20;46273;7605;600059;161790;11.1;3.0
FR;24;2021-05-21;47646;7375;647705;169165;11.9;3.1
FR;24;2021-05-22;44835;4611;692540;173776;12.8;3.2
FR;24;2021-05-23;24097;2395;716637;176171;13.2;3.2
FR;24;2021-05-24;34535;3656;751172;179827;13.8;3.3
FR;24;2021-05-25;44959;7905;796131;187732;14.7;3.5
FR;24;2021-05-26;46203;7466;842334;195198;15.5;3.6
FR;24;2021-05-27;52274;8608;894608;203806;16.5;3.8
FR;24;2021-05-28;49016;9034;943624;212840;17.4;3.9
FR;24;2021-05-29;44119;5987;987743;218827;18.2;4.0
FR;24;2021-05-30;18409;2268;1006152;221095;18.6;4.1
FR;24;2021-05-31;51940;8304;1058092;229399;19.5;4.2
FR;24;2021-06-01;59592;10222;1117684;239621;20.6;4.4
FR;24;2021-06-02;60939;9671;1178623;249292;21.7;4.6
FR;24;2021-06-03;67432;10598;1246055;259890;23.0;4.8
FR;24;2021-06-04;64749;10748;1310804;270638;24.2;5.0
FR;24;2021-06-05;54935;7816;1365739;278454;25.2;5.1
FR;24;2021-06-06;26764;3642;1392503;282096;25.7;5.2
FR;24;2021-06-07;57057;9965;1449560;292061;26.7;5.4
FR;24;2021-06-08;62344;10930;1511904;302991;27.9;5.6
FR;24;2021-06-09;62122;11454;1574026;314445;29.0;5.8
FR;24;2021-06-10;63637;14058;1637663;328503;30.2;6.1
FR;24;2021-06-11;59705;13097;1697368;341600;31.3;6.3
FR;24;2021-06-12;53436;11646;1750804;353246;32.3;6.5
FR;24;2021-06-13;20669;5413;1771473;358659;32.7;6.6
FR;24;2021-06-14;41411;13563;1812884;372222;33.4;6.9
FR;24;2021-06-15;43969;14700;1856853;386922;34.2;7.1
FR;24;2021-06-16;40021;15239;1896874;402161;35.0;7.4
FR;24;2021-06-17;45539;17940;1942413;420101;35.8;7.7
FR;24;2021-06-18;42997;21630;1985410;441731;36.6;8.1
FR;24;2021-06-19;33710;19261;2019120;460992;37.2;8.5
FR;24;2021-06-20;11422;9285;2030542;470277;37.4;8.7
FR;24;2021-06-21;30504;23884;2061046;494161;38.0;9.1
FR;24;2021-06-22;34453;29649;2095499;523810;38.6;9.7
FR;24;2021-06-23;32757;31832;2128256;555642;39.2;10.2
FR;24;2021-06-24;36864;36186;2165120;591828;39.9;10.9
FR;24;2021-06-25;32434;41864;2197554;633692;40.5;11.7
FR;24;2021-06-26;23341;39908;2220895;673600;40.9;12.4
FR;24;2021-06-27;9521;20933;2230416;694533;41.1;12.8
FR;24;2021-06-28;25578;43417;2255994;737950;41.6;13.6
FR;29;2020-12-27;0;0;0;0;0.0;0.0
FR;29;2020-12-28;1;0;1;0;0.0;0.0
FR;29;2020-12-29;0;0;1;0;0.0;0.0
FR;29;2020-12-30;0;0;1;0;0.0;0.0
FR;29;2020-12-31;1;0;2;0;0.0;0.0
FR;29;2021-01-01;2;0;4;0;0.0;0.0
FR;29;2021-01-02;4;1;8;1;0.0;0.0
FR;29;2021-01-03;3;0;11;1;0.0;0.0
FR;29;2021-01-04;10;0;21;1;0.0;0.0
FR;29;2021-01-05;42;0;63;1;0.0;0.0
FR;29;2021-01-06;142;0;205;1;0.0;0.0
FR;29;2021-01-07;308;2;513;3;0.0;0.0
FR;29;2021-01-08;523;5;1036;8;0.0;0.0
FR;29;2021-01-09;113;0;1149;8;0.0;0.0
FR;29;2021-01-10;91;1;1240;9;0.0;0.0
FR;29;2021-01-11;654;5;1894;14;0.1;0.0
FR;29;2021-01-12;943;14;2837;28;0.1;0.0
FR;29;2021-01-13;1222;14;4059;42;0.1;0.0
FR;29;2021-01-14;1573;17;5632;59;0.2;0.0
FR;29;2021-01-15;1319;9;6951;68;0.2;0.0
FR;29;2021-01-16;193;4;7144;72;0.2;0.0
FR;29;2021-01-17;158;0;7302;72;0.2;0.0
FR;29;2021-01-18;1045;16;8347;88;0.2;0.0
FR;29;2021-01-19;1157;9;9504;97;0.3;0.0
FR;29;2021-01-20;1202;10;10706;107;0.3;0.0
FR;29;2021-01-21;1472;9;12178;116;0.3;0.0
FR;29;2021-01-22;1160;11;13338;127;0.4;0.0
FR;29;2021-01-23;171;2;13509;129;0.4;0.0
FR;29;2021-01-24;52;0;13561;129;0.4;0.0
FR;29;2021-01-25;543;19;14104;148;0.4;0.0
FR;29;2021-01-26;668;36;14772;184;0.4;0.0
FR;29;2021-01-27;736;63;15508;247;0.4;0.0
FR;29;2021-01-28;1046;127;16554;374;0.4;0.0
FR;29;2021-01-29;807;177;17361;551;0.5;0.0
FR;29;2021-01-30;143;41;17504;592;0.5;0.0
FR;29;2021-01-31;34;26;17538;618;0.5;0.0
FR;29;2021-02-01;263;295;17801;913;0.5;0.0
FR;29;2021-02-02;410;373;18211;1286;0.5;0.0
FR;29;2021-02-03;461;461;18672;1747;0.5;0.0
FR;29;2021-02-04;620;720;19292;2467;0.5;0.1
FR;29;2021-02-05;539;752;19831;3219;0.5;0.1
FR;29;2021-02-06;143;110;19974;3329;0.5;0.1
FR;29;2021-02-07;304;70;20278;3399;0.5;0.1
FR;29;2021-02-08;604;810;20882;4209;0.6;0.1
FR;29;2021-02-09;1254;1036;22136;5245;0.6;0.1
FR;29;2021-02-10;1723;1162;23859;6407;0.6;0.2
FR;29;2021-02-11;2478;1457;26337;7864;0.7;0.2
FR;29;2021-02-12;2231;1257;28568;9121;0.8;0.2
FR;29;2021-02-13;431;165;28999;9286;0.8;0.2
FR;29;2021-02-14;136;82;29135;9368;0.8;0.3
FR;29;2021-02-15;1578;825;30713;10193;0.8;0.3
FR;29;2021-02-16;1930;1202;32643;11395;0.9;0.3
FR;29;2021-02-17;1895;985;34538;12380;0.9;0.3
FR;29;2021-02-18;2412;1199;36950;13579;1.0;0.4
FR;29;2021-02-19;2334;977;39284;14556;1.1;0.4
FR;29;2021-02-20;385;127;39669;14683;1.1;0.4
FR;29;2021-02-21;87;43;39756;14726;1.1;0.4
FR;29;2021-02-22;1367;547;41123;15273;1.1;0.4
FR;29;2021-02-23;1768;677;42891;15950;1.2;0.4
FR;29;2021-02-24;1800;564;44691;16514;1.2;0.4
FR;29;2021-02-25;2418;985;47109;17499;1.3;0.5
FR;29;2021-02-26;2589;702;49698;18201;1.3;0.5
FR;29;2021-02-27;609;115;50307;18316;1.4;0.5
FR;29;2021-02-28;112;28;50419;18344;1.4;0.5
FR;29;2021-03-01;1317;377;51736;18721;1.4;0.5
FR;29;2021-03-02;1814;629;53550;19350;1.4;0.5
FR;29;2021-03-03;1997;637;55547;19987;1.5;0.5
FR;29;2021-03-04;2525;811;58072;20798;1.6;0.6
FR;29;2021-03-05;3651;794;61723;21592;1.7;0.6
FR;29;2021-03-06;1648;164;63371;21756;1.7;0.6
FR;29;2021-03-07;821;112;64192;21868;1.7;0.6
FR;29;2021-03-08;1988;448;66180;22316;1.8;0.6
FR;29;2021-03-09;2686;550;68866;22866;1.9;0.6
FR;29;2021-03-10;2602;569;71468;23435;1.9;0.6
FR;29;2021-03-11;3386;911;74854;24346;2.0;0.7
FR;29;2021-03-12;4011;814;78865;25160;2.1;0.7
FR;29;2021-03-13;1644;167;80509;25327;2.2;0.7
FR;29;2021-03-14;570;71;81079;25398;2.2;0.7
FR;29;2021-03-15;1902;406;82981;25804;2.2;0.7
FR;29;2021-03-16;1127;523;84108;26327;2.3;0.7
FR;29;2021-03-17;1390;536;85498;26863;2.3;0.7
FR;29;2021-03-18;1658;708;87156;27571;2.3;0.7
FR;29;2021-03-19;2255;604;89411;28175;2.4;0.8
FR;29;2021-03-20;995;141;90406;28316;2.4;0.8
FR;29;2021-03-21;725;70;91131;28386;2.5;0.8
FR;29;2021-03-22;1672;434;92803;28820;2.5;0.8
FR;29;2021-03-23;2229;632;95032;29452;2.6;0.8
FR;29;2021-03-24;2555;620;97587;30072;2.6;0.8
FR;29;2021-03-25;3404;744;100991;30816;2.7;0.8
FR;29;2021-03-26;3761;772;104752;31588;2.8;0.8
FR;29;2021-03-27;2154;289;106906;31877;2.9;0.9
FR;29;2021-03-28;968;95;107874;31972;2.9;0.9
FR;29;2021-03-29;2782;579;110656;32551;3.0;0.9
FR;29;2021-03-30;4036;794;114692;33345;3.1;0.9
FR;29;2021-03-31;4573;879;119265;34224;3.2;0.9
FR;29;2021-04-01;5914;1108;125179;35332;3.4;1.0
FR;29;2021-04-02;4948;1003;130127;36335;3.5;1.0
FR;29;2021-04-03;1784;356;131911;36691;3.5;1.0
FR;29;2021-04-04;903;135;132814;36826;3.6;1.0
FR;29;2021-04-05;927;126;133741;36952;3.6;1.0
FR;29;2021-04-06;3531;815;137272;37767;3.7;1.0
FR;29;2021-04-07;4582;1172;141854;38939;3.8;1.0
FR;29;2021-04-08;6324;1567;148178;40506;4.0;1.1
FR;29;2021-04-09;6333;1360;154511;41866;4.2;1.1
FR;29;2021-04-10;2657;654;157168;42520;4.2;1.1
FR;29;2021-04-11;1164;347;158332;42867;4.3;1.2
FR;29;2021-04-12;3618;1083;161950;43950;4.4;1.2
FR;29;2021-04-13;4922;1561;166872;45511;4.5;1.2
FR;29;2021-04-14;4812;1546;171684;47057;4.6;1.3
FR;29;2021-04-15;5656;1888;177340;48945;4.8;1.3
FR;29;2021-04-16;4857;1931;182197;50876;4.9;1.4
FR;29;2021-04-17;2263;944;184460;51820;5.0;1.4
FR;29;2021-04-18;778;529;185238;52349;5.0;1.4
FR;29;2021-04-19;2882;1797;188120;54146;5.1;1.5
FR;29;2021-04-20;3543;2547;191663;56693;5.2;1.5
FR;29;2021-04-21;3513;2826;195176;59519;5.3;1.6
FR;29;2021-04-22;4501;3902;199677;63421;5.4;1.7
FR;29;2021-04-23;4651;3843;204328;67264;5.5;1.8
FR;29;2021-04-24;2715;1848;207043;69112;5.6;1.9
FR;29;2021-04-25;1198;748;208241;69860;5.6;1.9
FR;29;2021-04-26;3025;2493;211266;72353;5.7;1.9
FR;29;2021-04-27;4036;3633;215302;75986;5.8;2.0
FR;29;2021-04-28;4768;4074;220070;80060;5.9;2.2
FR;29;2021-04-29;5972;5041;226042;85101;6.1;2.3
FR;29;2021-04-30;6565;5276;232607;90377;6.3;2.4
FR;29;2021-05-01;4308;1244;236915;91621;6.4;2.5
FR;29;2021-05-02;2645;934;239560;92555;6.4;2.5
FR;29;2021-05-03;7036;4329;246596;96884;6.6;2.6
FR;29;2021-05-04;8310;5261;254906;102145;6.9;2.7
FR;29;2021-05-05;9817;5246;264723;107391;7.1;2.9
FR;29;2021-05-06;11418;6615;276141;114006;7.4;3.1
FR;29;2021-05-07;11888;6682;288029;120688;7.7;3.2
FR;29;2021-05-08;9428;2323;297457;123011;8.0;3.3
FR;29;2021-05-09;5988;1782;303445;124793;8.2;3.4
FR;29;2021-05-10;10904;5385;314349;130178;8.5;3.5
FR;29;2021-05-11;14819;6448;329168;136626;8.9;3.7
FR;29;2021-05-12;20510;6431;349678;143057;9.4;3.8
FR;29;2021-05-13;20082;2436;369760;145493;9.9;3.9
FR;29;2021-05-14;22997;4508;392757;150001;10.6;4.0
FR;29;2021-05-15;21779;3039;414536;153040;11.2;4.1
FR;29;2021-05-16;13561;1400;428097;154440;11.5;4.2
FR;29;2021-05-17;21918;5071;450015;159511;12.1;4.3
FR;29;2021-05-18;28827;5836;478842;165347;12.9;4.4
FR;29;2021-05-19;29367;6075;508209;171422;13.7;4.6
FR;29;2021-05-20;33134;6643;541343;178065;14.6;4.8
FR;29;2021-05-21;32296;6277;573639;184342;15.4;5.0
FR;29;2021-05-22;26305;3086;599944;187428;16.1;5.0
FR;29;2021-05-23;14261;1536;614205;188964;16.5;5.1
FR;29;2021-05-24;22765;2690;636970;191654;17.1;5.2
FR;29;2021-05-25;30747;6659;667717;198313;18.0;5.3
FR;29;2021-05-26;32925;6699;700642;205012;18.9;5.5
FR;29;2021-05-27;35977;7711;736619;212723;19.8;5.7
FR;29;2021-05-28;33554;7997;770173;220720;20.7;5.9
FR;29;2021-05-29;26683;4310;796856;225030;21.4;6.1
FR;29;2021-05-30;11871;1651;808727;226681;21.8;6.1
FR;29;2021-05-31;33733;6881;842460;233562;22.7;6.3
FR;29;2021-06-01;38663;8326;881123;241888;23.7;6.5
FR;29;2021-06-02;39038;7933;920161;249821;24.8;6.7
FR;29;2021-06-03;44022;8945;964183;258766;25.9;7.0
FR;29;2021-06-04;42653;9148;1006836;267914;27.1;7.2
FR;29;2021-06-05;31731;5669;1038567;273583;27.9;7.4
FR;29;2021-06-06;16891;2586;1055458;276169;28.4;7.4
FR;29;2021-06-07;37334;8298;1092792;284467;29.4;7.7
FR;29;2021-06-08;41026;9152;1133818;293619;30.5;7.9
FR;29;2021-06-09;39704;9585;1173522;303204;31.6;8.2
FR;29;2021-06-10;41720;11468;1215242;314672;32.7;8.5
FR;29;2021-06-11;38463;11146;1253705;325818;33.7;8.8
FR;29;2021-06-12;31634;8644;1285339;334462;34.6;9.0
FR;29;2021-06-13;13761;4330;1299100;338792;35.0;9.1
FR;29;2021-06-14;26108;12059;1325208;350851;35.7;9.4
FR;29;2021-06-15;28595;13427;1353803;364278;36.4;9.8
FR;29;2021-06-16;25863;14125;1379666;378403;37.1;10.2
FR;29;2021-06-17;29121;15381;1408787;393784;37.9;10.6
FR;29;2021-06-18;25438;17471;1434225;411255;38.6;11.1
FR;29;2021-06-19;18214;13952;1452439;425207;39.1;11.4
FR;29;2021-06-20;6774;7264;1459213;432471;39.3;11.6
FR;29;2021-06-21;17463;19185;1476676;451656;39.7;12.2
FR;29;2021-06-22;19521;22763;1496197;474419;40.3;12.8
FR;29;2021-06-23;17985;23818;1514182;498237;40.7;13.4
FR;29;2021-06-24;20578;25103;1534760;523340;41.3;14.1
FR;29;2021-06-25;17825;28422;1552585;551762;41.8;14.8
FR;29;2021-06-26;12765;24405;1565350;576167;42.1;15.5
FR;29;2021-06-27;5071;12831;1570421;588998;42.3;15.8
FR;29;2021-06-28;12910;29616;1583331;618614;42.6;16.6
FR;39;2020-12-27;0;0;0;0;0.0;0.0
FR;39;2020-12-28;0;0;0;0;0.0;0.0
FR;39;2020-12-29;1;0;1;0;0.0;0.0
FR;39;2020-12-30;5;0;6;0;0.0;0.0
FR;39;2020-12-31;1;0;7;0;0.0;0.0
FR;39;2021-01-01;4;0;11;0;0.0;0.0
FR;39;2021-01-02;2;1;13;1;0.0;0.0
FR;39;2021-01-03;2;0;15;1;0.0;0.0
FR;39;2021-01-04;23;0;38;1;0.0;0.0
FR;39;2021-01-05;141;0;179;1;0.0;0.0
FR;39;2021-01-06;387;0;566;1;0.0;0.0
FR;39;2021-01-07;1180;7;1746;8;0.0;0.0
FR;39;2021-01-08;1795;5;3541;13;0.0;0.0
FR;39;2021-01-09;477;1;4018;14;0.0;0.0
FR;39;2021-01-10;309;1;4327;15;0.1;0.0
FR;39;2021-01-11;2223;12;6550;27;0.1;0.0
FR;39;2021-01-12;3431;23;9981;50;0.1;0.0
FR;39;2021-01-13;3521;25;13502;75;0.2;0.0
FR;39;2021-01-14;4804;57;18306;132;0.2;0.0
FR;39;2021-01-15;4413;30;22719;162;0.3;0.0
FR;39;2021-01-16;771;4;23490;166;0.3;0.0
FR;39;2021-01-17;493;7;23983;173;0.3;0.0
FR;39;2021-01-18;3085;41;27068;214;0.3;0.0
FR;39;2021-01-19;4021;28;31089;242;0.4;0.0
FR;39;2021-01-20;3931;28;35020;270;0.4;0.0
FR;39;2021-01-21;5169;30;40189;300;0.5;0.0
FR;39;2021-01-22;3995;45;44184;345;0.5;0.0
FR;39;2021-01-23;600;4;44784;349;0.5;0.0
FR;39;2021-01-24;184;0;44968;349;0.5;0.0
FR;39;2021-01-25;1606;50;46574;399;0.6;0.0
FR;39;2021-01-26;2174;104;48748;503;0.6;0.0
FR;39;2021-01-27;2294;223;51042;726;0.6;0.0
FR;39;2021-01-28;3502;487;54544;1213;0.7;0.0
FR;39;2021-01-29;2681;705;57225;1918;0.7;0.0
FR;39;2021-01-30;398;216;57623;2134;0.7;0.0
FR;39;2021-01-31;89;78;57712;2212;0.7;0.0
FR;39;2021-02-01;752;1061;58464;3273;0.7;0.0
FR;39;2021-02-02;1341;1651;59805;4924;0.7;0.1
FR;39;2021-02-03;1372;1665;61177;6589;0.7;0.1
FR;39;2021-02-04;1994;2546;63171;9135;0.8;0.1
FR;39;2021-02-05;1649;2708;64820;11843;0.8;0.1
FR;39;2021-02-06;401;433;65221;12276;0.8;0.1
FR;39;2021-02-07;554;214;65775;12490;0.8;0.2
FR;39;2021-02-08;1524;2434;67299;14924;0.8;0.2
FR;39;2021-02-09;3169;3409;70468;18333;0.8;0.2
FR;39;2021-02-10;3896;3556;74364;21889;0.9;0.3
FR;39;2021-02-11;6188;4916;80552;26805;1.0;0.3
FR;39;2021-02-12;5838;4058;86390;30863;1.0;0.4
FR;39;2021-02-13;1243;555;87633;31418;1.1;0.4
FR;39;2021-02-14;391;268;88024;31686;1.1;0.4
FR;39;2021-02-15;3429;2422;91453;34108;1.1;0.4
FR;39;2021-02-16;4432;3411;95885;37519;1.2;0.5
FR;39;2021-02-17;4004;2908;99889;40427;1.2;0.5
FR;39;2021-02-18;5999;3956;105888;44383;1.3;0.5
FR;39;2021-02-19;5864;3144;111752;47527;1.3;0.6
FR;39;2021-02-20;1143;483;112895;48010;1.4;0.6
FR;39;2021-02-21;189;121;113084;48131;1.4;0.6
FR;39;2021-02-22;3020;1702;116104;49833;1.4;0.6
FR;39;2021-02-23;3936;1967;120040;51800;1.4;0.6
FR;39;2021-02-24;3746;1759;123786;53559;1.5;0.6
FR;39;2021-02-25;5630;2621;129416;56180;1.6;0.7
FR;39;2021-02-26;6112;1999;135528;58179;1.6;0.7
FR;39;2021-02-27;1669;326;137197;58505;1.7;0.7
FR;39;2021-02-28;241;127;137438;58632;1.7;0.7
FR;39;2021-03-01;2974;1055;140412;59687;1.7;0.7
FR;39;2021-03-02;4282;1689;144694;61376;1.7;0.7
FR;39;2021-03-03;4304;1611;148998;62987;1.8;0.8
FR;39;2021-03-04;6389;2440;155387;65427;1.9;0.8
FR;39;2021-03-05;9264;2270;164651;67697;2.0;0.8
FR;39;2021-03-06;4989;475;169640;68172;2.0;0.8
FR;39;2021-03-07;2662;297;172302;68469;2.1;0.8
FR;39;2021-03-08;4721;1201;177023;69670;2.1;0.8
FR;39;2021-03-09;6965;1632;183988;71302;2.2;0.9
FR;39;2021-03-10;6172;1636;190160;72938;2.3;0.9
FR;39;2021-03-11;8792;2586;198952;75524;2.4;0.9
FR;39;2021-03-12;11577;2354;210529;77878;2.5;0.9
FR;39;2021-03-13;5278;495;215807;78373;2.6;0.9
FR;39;2021-03-14;1758;190;217565;78563;2.6;0.9
FR;39;2021-03-15;4821;1113;222386;79676;2.7;1.0
FR;39;2021-03-16;3394;1446;225780;81122;2.7;1.0
FR;39;2021-03-17;3477;1552;229257;82674;2.8;1.0
FR;39;2021-03-18;4682;2053;233939;84727;2.8;1.0
FR;39;2021-03-19;6318;1738;240257;86465;2.9;1.0
FR;39;2021-03-20;3185;404;243442;86869;2.9;1.0
FR;39;2021-03-21;2074;181;245516;87050;3.0;1.0
FR;39;2021-03-22;4480;1161;249996;88211;3.0;1.1
FR;39;2021-03-23;6213;1737;256209;89948;3.1;1.1
FR;39;2021-03-24;6361;1447;262570;91395;3.2;1.1
FR;39;2021-03-25;9117;1852;271687;93247;3.3;1.1
FR;39;2021-03-26;10710;1850;282397;95097;3.4;1.1
FR;39;2021-03-27;6016;697;288413;95794;3.5;1.2
FR;39;2021-03-28;2745;216;291158;96010;3.5;1.2
FR;39;2021-03-29;7252;1379;298410;97389;3.6;1.2
FR;39;2021-03-30;10610;2039;309020;99428;3.7;1.2
FR;39;2021-03-31;11258;2016;320278;101444;3.9;1.2
FR;39;2021-04-01;15127;2840;335405;104284;4.0;1.3
FR;39;2021-04-02;13380;2637;348785;106921;4.2;1.3
FR;39;2021-04-03;5639;1057;354424;107978;4.3;1.3
FR;39;2021-04-04;2532;368;356956;108346;4.3;1.3
FR;39;2021-04-05;2544;339;359500;108685;4.3;1.3
FR;39;2021-04-06;9352;2428;368852;111113;4.4;1.3
FR;39;2021-04-07;12282;2911;381134;114024;4.6;1.4
FR;39;2021-04-08;16971;3905;398105;117929;4.8;1.4
FR;39;2021-04-09;17016;3797;415121;121726;5.0;1.5
FR;39;2021-04-10;7433;1993;422554;123719;5.1;1.5
FR;39;2021-04-11;2994;1003;425548;124722;5.1;1.5
FR;39;2021-04-12;9687;2832;435235;127554;5.2;1.5
FR;39;2021-04-13;13067;4155;448302;131709;5.4;1.6
FR;39;2021-04-14;13020;3966;461322;135675;5.6;1.6
FR;39;2021-04-15;14942;4964;476264;140639;5.7;1.7
FR;39;2021-04-16;12942;5415;489206;146054;5.9;1.8
FR;39;2021-04-17;6183;2766;495389;148820;6.0;1.8
FR;39;2021-04-18;2297;1573;497686;150393;6.0;1.8
FR;39;2021-04-19;7997;4782;505683;155175;6.1;1.9
FR;39;2021-04-20;9573;6796;515256;161971;6.2;2.0
FR;39;2021-04-21;10424;7292;525680;169263;6.3;2.0
FR;39;2021-04-22;12044;10462;537724;179725;6.5;2.2
FR;39;2021-04-23;12433;10639;550157;190364;6.6;2.3
FR;39;2021-04-24;7907;5142;558064;195506;6.7;2.4
FR;39;2021-04-25;3542;2182;561606;197688;6.8;2.4
FR;39;2021-04-26;8795;7026;570401;204714;6.9;2.5
FR;39;2021-04-27;12025;9663;582426;214377;7.0;2.6
FR;39;2021-04-28;13520;10208;595946;224585;7.2;2.7
FR;39;2021-04-29;17568;13126;613514;237711;7.4;2.9
FR;39;2021-04-30;20109;13446;633623;251157;7.6;3.0
FR;39;2021-05-01;13804;3622;647427;254779;7.8;3.1
FR;39;2021-05-02;9409;2554;656836;257333;7.9;3.1
FR;39;2021-05-03;22873;11445;679709;268778;8.2;3.2
FR;39;2021-05-04;27484;14112;707193;282890;8.5;3.4
FR;39;2021-05-05;31345;14456;738538;297346;8.9;3.6
FR;39;2021-05-06;37589;17899;776127;315245;9.4;3.8
FR;39;2021-05-07;39103;18706;815230;333951;9.8;4.0
FR;39;2021-05-08;30504;5843;845734;339794;10.2;4.1
FR;39;2021-05-09;18978;4377;864712;344171;10.4;4.1
FR;39;2021-05-10;34615;14706;899327;358877;10.8;4.3
FR;39;2021-05-11;44937;17356;944264;376233;11.4;4.5
FR;39;2021-05-12;57711;16523;1001975;392756;12.1;4.7
FR;39;2021-05-13;54053;5819;1056028;398575;12.7;4.8
FR;39;2021-05-14;63638;11335;1119666;409910;13.5;4.9
FR;39;2021-05-15;57407;7148;1177073;417058;14.2;5.0
FR;39;2021-05-16;36405;3233;1213478;420291;14.6;5.1
FR;39;2021-05-17;57317;12183;1270795;432474;15.3;5.2
FR;39;2021-05-18;72504;13937;1343299;446411;16.2;5.4
FR;39;2021-05-19;75627;14360;1418926;460771;17.1;5.6
FR;39;2021-05-20;84017;15207;1502943;475978;18.1;5.7
FR;39;2021-05-21;83149;15193;1586092;491171;19.1;5.9
FR;39;2021-05-22;64007;7579;1650099;498750;19.9;6.0
FR;39;2021-05-23;34211;3389;1684310;502139;20.3;6.1
FR;39;2021-05-24;52697;5483;1737007;507622;20.9;6.1
FR;39;2021-05-25;74024;16025;1811031;523647;21.8;6.3
FR;39;2021-05-26;77613;16091;1888644;539738;22.8;6.5
FR;39;2021-05-27;85513;18117;1974157;557855;23.8;6.7
FR;39;2021-05-28;79345;19683;2053502;577538;24.8;7.0
FR;39;2021-05-29;58019;10229;2111521;587767;25.5;7.1
FR;39;2021-05-30;24598;3691;2136119;591458;25.8;7.1
FR;39;2021-05-31;74975;16007;2211094;607465;26.7;7.3
FR;39;2021-06-01;86337;19826;2297431;627291;27.7;7.6
FR;39;2021-06-02;86445;19205;2383876;646496;28.7;7.8
FR;39;2021-06-03;97697;21697;2481573;668193;29.9;8.1
FR;39;2021-06-04;95888;23154;2577461;691347;31.1;8.3
FR;39;2021-06-05;64032;13735;2641493;705082;31.8;8.5
FR;39;2021-06-06;31881;5803;2673374;710885;32.2;8.6
FR;39;2021-06-07;75123;20537;2748497;731422;33.1;8.8
FR;39;2021-06-08;85351;22674;2833848;754096;34.2;9.1
FR;39;2021-06-09;83811;24395;2917659;778491;35.2;9.4
FR;39;2021-06-10;86016;27581;3003675;806072;36.2;9.7
FR;39;2021-06-11;84108;30701;3087783;836773;37.2;10.1
FR;39;2021-06-12;60465;23353;3148248;860126;38.0;10.4
FR;39;2021-06-13;25085;11662;3173333;871788;38.3;10.5
FR;39;2021-06-14;51684;35409;3225017;907197;38.9;10.9
FR;39;2021-06-15;58285;39603;3283302;946800;39.6;11.4
FR;39;2021-06-16;55120;41920;3338422;988720;40.2;11.9
FR;39;2021-06-17;60163;43318;3398585;1032038;41.0;12.4
FR;39;2021-06-18;55240;51530;3453825;1083568;41.6;13.1
FR;39;2021-06-19;35360;38635;3489185;1122203;42.1;13.5
FR;39;2021-06-20;12506;18595;3501691;1140798;42.2;13.8
FR;39;2021-06-21;33782;53628;3535473;1194426;42.6;14.4
FR;39;2021-06-22;38590;62501;3574063;1256927;43.1;15.2
FR;39;2021-06-23;36058;64996;3610121;1321923;43.5;15.9
FR;39;2021-06-24;40927;62773;3651048;1384696;44.0;16.7
FR;39;2021-06-25;37874;75981;3688922;1460677;44.5;17.6
FR;39;2021-06-26;24083;59967;3713005;1520644;44.8;18.3
FR;39;2021-06-27;9721;31253;3722726;1551897;44.9;18.7
FR;39;2021-06-28;25138;73873;3747864;1625770;45.2;19.6
FR;49;2020-12-27;2;0;2;0;0.0;0.0
FR;49;2020-12-28;4;0;6;0;0.0;0.0
FR;49;2020-12-29;1;0;7;0;0.0;0.0
FR;49;2020-12-30;6;0;13;0;0.0;0.0
FR;49;2020-12-31;1;0;14;0;0.0;0.0
FR;49;2021-01-01;4;0;18;0;0.0;0.0
FR;49;2021-01-02;11;0;29;0;0.0;0.0
FR;49;2021-01-03;5;0;34;0;0.0;0.0
FR;49;2021-01-04;87;0;121;0;0.0;0.0
FR;49;2021-01-05;339;1;460;1;0.0;0.0
FR;49;2021-01-06;863;6;1323;7;0.0;0.0
FR;49;2021-01-07;2164;8;3487;15;0.0;0.0
FR;49;2021-01-08;3382;11;6869;26;0.1;0.0
FR;49;2021-01-09;1004;2;7873;28;0.1;0.0
FR;49;2021-01-10;475;2;8348;30;0.1;0.0
FR;49;2021-01-11;4189;17;12537;47;0.1;0.0
FR;49;2021-01-12;5881;20;18418;67;0.2;0.0
FR;49;2021-01-13;6186;30;24604;97;0.3;0.0
FR;49;2021-01-14;8356;86;32960;183;0.4;0.0
FR;49;2021-01-15;7633;42;40593;225;0.5;0.0
FR;49;2021-01-16;1427;11;42020;236;0.5;0.0
FR;49;2021-01-17;623;7;42643;243;0.5;0.0
FR;49;2021-01-18;5085;37;47728;280;0.6;0.0
FR;49;2021-01-19;6839;36;54567;316;0.6;0.0
FR;49;2021-01-20;6653;40;61220;356;0.7;0.0
FR;49;2021-01-21;8451;53;69671;409;0.8;0.0
FR;49;2021-01-22;6305;54;75976;463;0.9;0.0
FR;49;2021-01-23;1023;7;76999;470;0.9;0.0
FR;49;2021-01-24;283;5;77282;475;0.9;0.0
FR;49;2021-01-25;2630;103;79912;578;0.9;0.0
FR;49;2021-01-26;3743;235;83655;813;1.0;0.0
FR;49;2021-01-27;3990;402;87645;1215;1.0;0.0
FR;49;2021-01-28;5570;999;93215;2214;1.1;0.0
FR;49;2021-01-29;4414;1574;97629;3788;1.1;0.0
FR;49;2021-01-30;694;381;98323;4169;1.1;0.0
FR;49;2021-01-31;138;125;98461;4294;1.1;0.0
FR;49;2021-02-01;1377;2092;99838;6386;1.2;0.1
FR;49;2021-02-02;2298;3208;102136;9594;1.2;0.1
FR;49;2021-02-03;2312;3395;104448;12989;1.2;0.2
FR;49;2021-02-04;3392;4800;107840;17789;1.3;0.2
FR;49;2021-02-05;2811;4898;110651;22687;1.3;0.3
FR;49;2021-02-06;573;892;111224;23579;1.3;0.3
FR;49;2021-02-07;519;298;111743;23877;1.3;0.3
FR;49;2021-02-08;1944;4079;113687;27956;1.3;0.3
FR;49;2021-02-09;4344;5792;118031;33748;1.4;0.4
FR;49;2021-02-10;5512;6101;123543;39849;1.4;0.5
FR;49;2021-02-11;8024;8048;131567;47897;1.5;0.6
FR;49;2021-02-12;7326;6517;138893;54414;1.6;0.6
FR;49;2021-02-13;1705;1035;140598;55449;1.6;0.6
FR;49;2021-02-14;408;408;141006;55857;1.6;0.7
FR;49;2021-02-15;4137;3926;145143;59783;1.7;0.7
FR;49;2021-02-16;5390;5389;150533;65172;1.8;0.8
FR;49;2021-02-17;5146;4697;155679;69869;1.8;0.8
FR;49;2021-02-18;7520;6287;163199;76156;1.9;0.9
FR;49;2021-02-19;7090;4967;170289;81123;2.0;0.9
FR;49;2021-02-20;1496;816;171785;81939;2.0;1.0
FR;49;2021-02-21;280;226;172065;82165;2.0;1.0
FR;49;2021-02-22;3546;2691;175611;84856;2.0;1.0
FR;49;2021-02-23;4896;3190;180507;88046;2.1;1.0
FR;49;2021-02-24;4923;2906;185430;90952;2.2;1.1
FR;49;2021-02-25;7606;4286;193036;95238;2.2;1.1
FR;49;2021-02-26;8295;3245;201331;98483;2.3;1.1
FR;49;2021-02-27;2700;592;204031;99075;2.4;1.2
FR;49;2021-02-28;337;138;204368;99213;2.4;1.2
FR;49;2021-03-01;3858;1693;208226;100906;2.4;1.2
FR;49;2021-03-02;5823;2564;214049;103470;2.5;1.2
FR;49;2021-03-03;6080;2604;220129;106074;2.6;1.2
FR;49;2021-03-04;9004;3613;229133;109687;2.7;1.3
FR;49;2021-03-05;12644;3423;241777;113110;2.8;1.3
FR;49;2021-03-06;8662;701;250439;113811;2.9;1.3
FR;49;2021-03-07;4706;458;255145;114269;3.0;1.3
FR;49;2021-03-08;6448;1767;261593;116036;3.0;1.4
FR;49;2021-03-09;9620;2465;271213;118501;3.2;1.4
FR;49;2021-03-10;9049;2471;280262;120972;3.3;1.4
FR;49;2021-03-11;12919;3636;293181;124608;3.4;1.5
FR;49;2021-03-12;16553;3191;309734;127799;3.6;1.5
FR;49;2021-03-13;9588;724;319322;128523;3.7;1.5
FR;49;2021-03-14;3148;277;322470;128800;3.8;1.5
FR;49;2021-03-15;6939;1519;329409;130319;3.8;1.5
FR;49;2021-03-16;4657;2188;334066;132507;3.9;1.5
FR;49;2021-03-17;5202;2069;339268;134576;3.9;1.6
FR;49;2021-03-18;6579;2895;345847;137471;4.0;1.6
FR;49;2021-03-19;9575;2418;355422;139889;4.1;1.6
FR;49;2021-03-20;5904;614;361326;140503;4.2;1.6
FR;49;2021-03-21;3146;242;364472;140745;4.2;1.6
FR;49;2021-03-22;6340;1551;370812;142296;4.3;1.7
FR;49;2021-03-23;8635;2236;379447;144532;4.4;1.7
FR;49;2021-03-24;9574;2072;389021;146604;4.5;1.7
FR;49;2021-03-25;12399;2488;401420;149092;4.7;1.7
FR;49;2021-03-26;14776;2445;416196;151537;4.8;1.8
FR;49;2021-03-27;9393;925;425589;152462;5.0;1.8
FR;49;2021-03-28;3852;330;429441;152792;5.0;1.8
FR;49;2021-03-29;9910;1947;439351;154739;5.1;1.8
FR;49;2021-03-30;14341;2836;453692;157575;5.3;1.8
FR;49;2021-03-31;15638;2941;469330;160516;5.5;1.9
FR;49;2021-04-01;19960;3897;489290;164413;5.7;1.9
FR;49;2021-04-02;17547;3618;506837;168031;5.9;2.0
FR;49;2021-04-03;9388;1881;516225;169912;6.0;2.0
FR;49;2021-04-04;4129;644;520354;170556;6.1;2.0
FR;49;2021-04-05;4225;555;524579;171111;6.1;2.0
FR;49;2021-04-06;13253;3489;537832;174600;6.3;2.0
FR;49;2021-04-07;17757;4393;555589;178993;6.5;2.1
FR;49;2021-04-08;22527;5389;578116;184382;6.7;2.1
FR;49;2021-04-09;23658;5553;601774;189935;7.0;2.2
FR;49;2021-04-10;12450;3466;614224;193401;7.1;2.3
FR;49;2021-04-11;4480;1705;618704;195106;7.2;2.3
FR;49;2021-04-12;14189;3879;632893;198985;7.4;2.3
FR;49;2021-04-13;18829;5912;651722;204897;7.6;2.4
FR;49;2021-04-14;19522;6087;671244;210984;7.8;2.5
FR;49;2021-04-15;20456;7211;691700;218195;8.0;2.5
FR;49;2021-04-16;17625;7453;709325;225648;8.3;2.6
FR;49;2021-04-17;9919;4716;719244;230364;8.4;2.7
FR;49;2021-04-18;3376;2321;722620;232685;8.4;2.7
FR;49;2021-04-19;12078;6460;734698;239145;8.6;2.8
FR;49;2021-04-20;14248;9131;748946;248276;8.7;2.9
FR;49;2021-04-21;16100;10261;765046;258537;8.9;3.0
FR;49;2021-04-22;17716;13278;782762;271815;9.1;3.2
FR;49;2021-04-23;18241;14234;801003;286049;9.3;3.3
FR;49;2021-04-24;12682;7859;813685;293908;9.5;3.4
FR;49;2021-04-25;5514;3171;819199;297079;9.5;3.5
FR;49;2021-04-26;13796;10051;832995;307130;9.7;3.6
FR;49;2021-04-27;18765;13191;851760;320321;9.9;3.7
FR;49;2021-04-28;22830;14733;874590;335054;10.2;3.9
FR;49;2021-04-29;27796;17472;902386;352526;10.5;4.1
FR;49;2021-04-30;32088;18290;934474;370816;10.9;4.3
FR;49;2021-05-01;24356;5867;958830;376683;11.2;4.4
FR;49;2021-05-02;16590;3950;975420;380633;11.4;4.4
FR;49;2021-05-03;39878;15712;1015298;396345;11.8;4.6
FR;49;2021-05-04;46943;20526;1062241;416871;12.4;4.9
FR;49;2021-05-05;56225;21877;1118466;438748;13.0;5.1
FR;49;2021-05-06;62717;24912;1181183;463660;13.7;5.4
FR;49;2021-05-07;66095;26292;1247278;489952;14.5;5.7
FR;49;2021-05-08;53790;9465;1301068;499417;15.1;5.8
FR;49;2021-05-09;32388;6364;1333456;505781;15.5;5.9
FR;49;2021-05-10;57940;20971;1391396;526752;16.2;6.1
FR;49;2021-05-11;72543;24177;1463939;550929;17.0;6.4
FR;49;2021-05-12;91332;24427;1555271;575356;18.1;6.7
FR;49;2021-05-13;80740;8005;1636011;583361;19.0;6.8
FR;49;2021-05-14;97421;16122;1733432;599483;20.2;7.0
FR;49;2021-05-15;87102;11174;1820534;610657;21.2;7.1
FR;49;2021-05-16;53408;4706;1873942;615363;21.8;7.2
FR;49;2021-05-17;82610;16631;1956552;631994;22.8;7.4
FR;49;2021-05-18;99606;18254;2056158;650248;23.9;7.6
FR;49;2021-05-19;110914;19698;2167072;669946;25.2;7.8
FR;49;2021-05-20;114487;20059;2281559;690005;26.6;8.0
FR;49;2021-05-21;113807;20238;2395366;710243;27.9;8.3
FR;49;2021-05-22;87569;10727;2482935;720970;28.9;8.4
FR;49;2021-05-23;42926;4097;2525861;725067;29.4;8.4
FR;49;2021-05-24;67258;6995;2593119;732062;30.2;8.5
FR;49;2021-05-25;94825;21066;2687944;753128;31.3;8.8
FR;49;2021-05-26;101788;23007;2789732;776135;32.5;9.0
FR;49;2021-05-27;104577;24243;2894309;800378;33.7;9.3
FR;49;2021-05-28;100056;26953;2994365;827331;34.8;9.6
FR;49;2021-05-29;74233;15656;3068598;842987;35.7;9.8
FR;49;2021-05-30;26788;4759;3095386;847746;36.0;9.9
FR;49;2021-05-31;87665;21432;3183051;869178;37.0;10.1
FR;49;2021-06-01;100426;26622;3283477;895800;38.2;10.4
FR;49;2021-06-02;101749;26796;3385226;922596;39.4;10.7
FR;49;2021-06-03;109083;28085;3494309;950681;40.7;11.1
FR;49;2021-06-04;108770;31543;3603079;982224;41.9;11.4
FR;49;2021-06-05;74533;21065;3677612;1003289;42.8;11.7
FR;49;2021-06-06;31918;7640;3709530;1010929;43.2;11.8
FR;49;2021-06-07;77661;27965;3787191;1038894;44.1;12.1
FR;49;2021-06-08;87921;30950;3875112;1069844;45.1;12.5
FR;49;2021-06-09;89085;35781;3964197;1105625;46.1;12.9
FR;49;2021-06-10;87546;36754;4051743;1142379;47.2;13.3
FR;49;2021-06-11;87583;46510;4139326;1188889;48.2;13.8
FR;49;2021-06-12;65262;38407;4204588;1227296;48.9;14.3
FR;49;2021-06-13;23508;18080;4228096;1245376;49.2;14.5
FR;49;2021-06-14;50397;56732;4278493;1302108;49.8;15.2
FR;49;2021-06-15;58378;61372;4336871;1363480;50.5;15.9
FR;49;2021-06-16;57306;69466;4394177;1432946;51.1;16.7
FR;49;2021-06-17;59873;63624;4454050;1496570;51.8;17.4
FR;49;2021-06-18;57742;79617;4511792;1576187;52.5;18.3
FR;49;2021-06-19;38862;63544;4550654;1639731;53.0;19.1
FR;49;2021-06-20;11950;27110;4562604;1666841;53.1;19.4
FR;49;2021-06-21;32919;81006;4595523;1747847;53.5;20.3
FR;49;2021-06-22;37694;90805;4633217;1838652;53.9;21.4
FR;49;2021-06-23;36877;100693;4670094;1939345;54.3;22.6
FR;49;2021-06-24;40564;84908;4710658;2024253;54.8;23.6
FR;49;2021-06-25;38944;109807;4749602;2134060;55.3;24.8
FR;49;2021-06-26;26173;89812;4775775;2223872;55.6;25.9
FR;49;2021-06-27;9582;42081;4785357;2265953;55.7;26.4
FR;49;2021-06-28;24061;100336;4809418;2366289;56.0;27.5
FR;59;2020-12-27;2;0;2;0;0.0;0.0
FR;59;2020-12-28;6;0;8;0;0.0;0.0
FR;59;2020-12-29;2;0;10;0;0.0;0.0
FR;59;2020-12-30;6;0;16;0;0.0;0.0
FR;59;2020-12-31;10;0;26;0;0.0;0.0
FR;59;2021-01-01;26;1;52;1;0.0;0.0
FR;59;2021-01-02;30;0;82;1;0.0;0.0
FR;59;2021-01-03;36;0;118;1;0.0;0.0
FR;59;2021-01-04;596;4;714;5;0.0;0.0
FR;59;2021-01-05;2180;10;2894;15;0.0;0.0
FR;59;2021-01-06;4820;19;7714;34;0.1;0.0
FR;59;2021-01-07;10536;36;18250;70;0.2;0.0
FR;59;2021-01-08;14356;36;32606;106;0.4;0.0
FR;59;2021-01-09;4078;13;36684;119;0.4;0.0
FR;59;2021-01-10;1993;4;38677;123;0.4;0.0
FR;59;2021-01-11;16005;46;54682;169;0.6;0.0
FR;59;2021-01-12;21201;71;75883;240;0.9;0.0
FR;59;2021-01-13;22777;82;98660;322;1.1;0.0
FR;59;2021-01-14;24833;255;123493;577;1.4;0.0
FR;59;2021-01-15;21668;135;145161;712;1.7;0.0
FR;59;2021-01-16;5448;34;150609;746;1.7;0.0
FR;59;2021-01-17;1804;15;152413;761;1.7;0.0
FR;59;2021-01-18;13630;96;166043;857;1.9;0.0
FR;59;2021-01-19;18013;117;184056;974;2.1;0.0
FR;59;2021-01-20;17164;100;201220;1074;2.3;0.0
FR;59;2021-01-21;18893;103;220113;1177;2.5;0.0
FR;59;2021-01-22;13997;116;234110;1293;2.7;0.0
FR;59;2021-01-23;2966;25;237076;1318;2.7;0.0
FR;59;2021-01-24;847;16;237923;1334;2.7;0.0
FR;59;2021-01-25;6730;635;244653;1969;2.8;0.0
FR;59;2021-01-26;8474;1409;253127;3378;2.9;0.0
FR;59;2021-01-27;8847;2424;261974;5802;3.0;0.1
FR;59;2021-01-28;10540;5074;272514;10876;3.1;0.1
FR;59;2021-01-29;7855;6671;280369;17547;3.2;0.2
FR;59;2021-01-30;1767;1516;282136;19063;3.2;0.2
FR;59;2021-01-31;373;548;282509;19611;3.2;0.2
FR;59;2021-02-01;3173;8755;285682;28366;3.2;0.3
FR;59;2021-02-02;4705;12490;290387;40856;3.3;0.5
FR;59;2021-02-03;4834;13563;295221;54419;3.4;0.6
FR;59;2021-02-04;5972;15923;301193;70342;3.4;0.8
FR;59;2021-02-05;4847;14938;306040;85280;3.5;1.0
FR;59;2021-02-06;1165;3005;307205;88285;3.5;1.0
FR;59;2021-02-07;388;987;307593;89272;3.5;1.0
FR;59;2021-02-08;2767;12489;310360;101761;3.5;1.2
FR;59;2021-02-09;4928;16212;315288;117973;3.6;1.3
FR;59;2021-02-10;5714;16107;321002;134080;3.7;1.5
FR;59;2021-02-11;7683;19773;328685;153853;3.7;1.7
FR;59;2021-02-12;6788;16069;335473;169922;3.8;1.9
FR;59;2021-02-13;1701;3461;337174;173383;3.8;2.0
FR;59;2021-02-14;362;984;337536;174367;3.8;2.0
FR;59;2021-02-15;3281;10563;340817;184930;3.9;2.1
FR;59;2021-02-16;4748;13606;345565;198536;3.9;2.3
FR;59;2021-02-17;4972;12378;350537;210914;4.0;2.4
FR;59;2021-02-18;7099;13919;357636;224833;4.1;2.6
FR;59;2021-02-19;6497;10791;364133;235624;4.1;2.7
FR;59;2021-02-20;1419;2495;365552;238119;4.2;2.7
FR;59;2021-02-21;286;571;365838;238690;4.2;2.7
FR;59;2021-02-22;3282;6400;369120;245090;4.2;2.8
FR;59;2021-02-23;4858;7173;373978;252263;4.3;2.9
FR;59;2021-02-24;6884;6456;380862;258719;4.3;2.9
FR;59;2021-02-25;21281;8639;402143;267358;4.6;3.0
FR;59;2021-02-26;28328;6409;430471;273767;4.9;3.1
FR;59;2021-02-27;17141;1595;447612;275362;5.1;3.1
FR;59;2021-02-28;1115;386;448727;275748;5.1;3.1
FR;59;2021-03-01;8854;3594;457581;279342;5.2;3.2
FR;59;2021-03-02;17203;5024;474784;284366;5.4;3.2
FR;59;2021-03-03;20738;5147;495522;289513;5.6;3.3
FR;59;2021-03-04;32408;6099;527930;295612;6.0;3.4
FR;59;2021-03-05;41014;5723;568944;301335;6.5;3.4
FR;59;2021-03-06;36218;1738;605162;303073;6.9;3.4
FR;59;2021-03-07;14137;1148;619299;304221;7.0;3.5
FR;59;2021-03-08;12347;3292;631646;307513;7.2;3.5
FR;59;2021-03-09;22929;4360;654575;311873;7.4;3.5
FR;59;2021-03-10;23217;4458;677792;316331;7.7;3.6
FR;59;2021-03-11;34458;5725;712250;322056;8.1;3.7
FR;59;2021-03-12;45488;4952;757738;327008;8.6;3.7
FR;59;2021-03-13;36261;1552;793999;328560;9.0;3.7
FR;59;2021-03-14;7212;463;801211;329023;9.1;3.7
FR;59;2021-03-15;14551;2631;815762;331654;9.3;3.8
FR;59;2021-03-16;7941;3033;823703;334687;9.4;3.8
FR;59;2021-03-17;8783;3186;832486;337873;9.5;3.8
FR;59;2021-03-18;10493;4079;842979;341952;9.6;3.9
FR;59;2021-03-19;23544;3656;866523;345608;9.9;3.9
FR;59;2021-03-20;21147;1188;887670;346796;10.1;3.9
FR;59;2021-03-21;6292;424;893962;347220;10.2;3.9
FR;59;2021-03-22;15548;2737;909510;349957;10.3;4.0
FR;59;2021-03-23;25487;3629;934997;353586;10.6;4.0
FR;59;2021-03-24;28079;3659;963076;357245;11.0;4.1
FR;59;2021-03-25;38066;4051;1001142;361296;11.4;4.1
FR;59;2021-03-26;42992;4330;1044134;365626;11.9;4.2
FR;59;2021-03-27;26945;1876;1071079;367502;12.2;4.2
FR;59;2021-03-28;7545;497;1078624;367999;12.3;4.2
FR;59;2021-03-29;21733;3465;1100357;371464;12.5;4.2
FR;59;2021-03-30;32209;4563;1132566;376027;12.9;4.3
FR;59;2021-03-31;31523;4835;1164089;380862;13.2;4.3
FR;59;2021-04-01;38535;6016;1202624;386878;13.7;4.4
FR;59;2021-04-02;36998;5983;1239622;392861;14.1;4.5
FR;59;2021-04-03;21356;3528;1260978;396389;14.3;4.5
FR;59;2021-04-04;7360;1257;1268338;397646;14.4;4.5
FR;59;2021-04-05;8279;1140;1276617;398786;14.5;4.5
FR;59;2021-04-06;25770;6040;1302387;404826;14.8;4.6
FR;59;2021-04-07;33959;7281;1336346;412107;15.2;4.7
FR;59;2021-04-08;45139;8721;1381485;420828;15.7;4.8
FR;59;2021-04-09;60866;9364;1442351;430192;16.4;4.9
FR;59;2021-04-10;36524;7226;1478875;437418;16.8;5.0
FR;59;2021-04-11;9759;3562;1488634;440980;16.9;5.0
FR;59;2021-04-12;35344;7562;1523978;448542;17.3;5.1
FR;59;2021-04-13;49909;10370;1573887;458912;17.9;5.2
FR;59;2021-04-14;50272;10349;1624159;469261;18.5;5.3
FR;59;2021-04-15;59586;12027;1683745;481288;19.1;5.5
FR;59;2021-04-16;63406;12698;1747151;493986;19.9;5.6
FR;59;2021-04-17;41537;9873;1788688;503859;20.3;5.7
FR;59;2021-04-18;12297;4678;1800985;508537;20.5;5.8
FR;59;2021-04-19;33303;11314;1834288;519851;20.9;5.9
FR;59;2021-04-20;44784;14905;1879072;534756;21.4;6.1
FR;59;2021-04-21;47450;16661;1926522;551417;21.9;6.3
FR;59;2021-04-22;55977;19716;1982499;571133;22.5;6.5
FR;59;2021-04-23;65522;21100;2048021;592233;23.3;6.7
FR;59;2021-04-24;47578;15703;2095599;607936;23.8;6.9
FR;59;2021-04-25;16672;5520;2112271;613456;24.0;7.0
FR;59;2021-04-26;41534;17637;2153805;631093;24.5;7.2
FR;59;2021-04-27;56688;23480;2210493;654573;25.1;7.4
FR;59;2021-04-28;64462;26137;2274955;680710;25.9;7.7
FR;59;2021-04-29;78317;31875;2353272;712585;26.8;8.1
FR;59;2021-04-30;92733;36842;2446005;749427;27.8;8.5
FR;59;2021-05-01;43669;11166;2489674;760593;28.3;8.7
FR;59;2021-05-02;23519;7349;2513193;767942;28.6;8.7
FR;59;2021-05-03;62973;26470;2576166;794412;29.3;9.0
FR;59;2021-05-04;71488;34574;2647654;828986;30.1;9.4
FR;59;2021-05-05;77842;37559;2725496;866545;31.0;9.9
FR;59;2021-05-06;89765;43888;2815261;910433;32.0;10.4
FR;59;2021-05-07;98266;54137;2913527;964570;33.1;11.0
FR;59;2021-05-08;60962;16760;2974489;981330;33.8;11.2
FR;59;2021-05-09;39460;10485;3013949;991815;34.3;11.3
FR;59;2021-05-10;96318;40325;3110267;1032140;35.4;11.7
FR;59;2021-05-11;126188;49601;3236455;1081741;36.8;12.3
FR;59;2021-05-12;124190;46462;3360645;1128203;38.2;12.8
FR;59;2021-05-13;92984;14601;3453629;1142804;39.3;13.0
FR;59;2021-05-14;129782;34568;3583411;1177372;40.8;13.4
FR;59;2021-05-15;114844;25710;3698255;1203082;42.1;13.7
FR;59;2021-05-16;55486;7281;3753741;1210363;42.7;13.8
FR;59;2021-05-17;106019;30909;3859760;1241272;43.9;14.1
FR;59;2021-05-18;118355;34370;3978115;1275642;45.2;14.5
FR;59;2021-05-19;119194;35603;4097309;1311245;46.6;14.9
FR;59;2021-05-20;122786;42408;4220095;1353653;48.0;15.4
FR;59;2021-05-21;122197;48726;4342292;1402379;49.4;15.9
FR;59;2021-05-22;81970;25451;4424262;1427830;50.3;16.2
FR;59;2021-05-23;31311;5174;4455573;1433004;50.7;16.3
FR;59;2021-05-24;52097;9951;4507670;1442955;51.3;16.4
FR;59;2021-05-25;84545;42022;4592215;1484977;52.2;16.9
FR;59;2021-05-26;83617;44312;4675832;1529289;53.2;17.4
FR;59;2021-05-27;90285;52499;4766117;1581788;54.2;18.0
FR;59;2021-05-28;91999;66730;4858116;1648518;55.3;18.7
FR;59;2021-05-29;60435;40109;4918551;1688627;55.9;19.2
FR;59;2021-05-30;16152;7815;4934703;1696442;56.1;19.3
FR;59;2021-05-31;58726;42478;4993429;1738920;56.8;19.8
FR;59;2021-06-01;68380;53847;5061809;1792767;57.6;20.4
FR;59;2021-06-02;62536;52870;5124345;1845637;58.3;21.0
FR;59;2021-06-03;69888;58485;5194233;1904122;59.1;21.7
FR;59;2021-06-04;71912;71869;5266145;1975991;59.9;22.5
FR;59;2021-06-05;45874;48849;5312019;2024840;60.4;23.0
FR;59;2021-06-06;14285;12607;5326304;2037447;60.6;23.2
FR;59;2021-06-07;44055;54922;5370359;2092369;61.1;23.8
FR;59;2021-06-08;53279;61591;5423638;2153960;61.7;24.5
FR;59;2021-06-09;50705;65182;5474343;2219142;62.3;25.2
FR;59;2021-06-10;53998;64925;5528341;2284067;62.9;26.0
FR;59;2021-06-11;56037;85299;5584378;2369366;63.5;26.9
FR;59;2021-06-12;38884;56797;5623262;2426163;64.0;27.6
FR;59;2021-06-13;11113;19650;5634375;2445813;64.1;27.8
FR;59;2021-06-14;30193;79394;5664568;2525207;64.4;28.7
FR;59;2021-06-15;35694;85491;5700262;2610698;64.8;29.7
FR;59;2021-06-16;33704;87429;5733966;2698127;65.2;30.7
FR;59;2021-06-17;37107;86242;5771073;2784369;65.6;31.7
FR;59;2021-06-18;37843;113684;5808916;2898053;66.1;33.0
FR;59;2021-06-19;24023;80199;5832939;2978252;66.3;33.9
FR;59;2021-06-20;6070;30797;5839009;3009049;66.4;34.2
FR;59;2021-06-21;20271;114237;5859280;3123286;66.6;35.5
FR;59;2021-06-22;25473;128370;5884753;3251656;66.9;37.0
FR;59;2021-06-23;23357;125244;5908110;3376900;67.2;38.4
FR;59;2021-06-24;27493;106073;5935603;3482973;67.5;39.6
FR;59;2021-06-25;27403;146499;5963006;3629472;67.8;41.3
FR;59;2021-06-26;17831;108913;5980837;3738385;68.0;42.5
FR;59;2021-06-27;5123;39660;5985960;3778045;68.1;43.0
FR;59;2021-06-28;16026;120035;6001986;3898080;68.3;44.3
FR;64;2020-12-27;1;0;1;0;0.0;0.0
FR;64;2020-12-28;1;0;2;0;0.0;0.0
FR;64;2020-12-29;2;0;4;0;0.0;0.0
FR;64;2020-12-30;6;0;10;0;0.0;0.0
FR;64;2020-12-31;5;0;15;0;0.0;0.0
FR;64;2021-01-01;9;0;24;0;0.0;0.0
FR;64;2021-01-02;13;0;37;0;0.0;0.0
FR;64;2021-01-03;19;0;56;0;0.0;0.0
FR;64;2021-01-04;209;1;265;1;0.0;0.0
FR;64;2021-01-05;904;4;1169;5;0.0;0.0
FR;64;2021-01-06;1694;6;2863;11;0.1;0.0
FR;64;2021-01-07;3666;10;6529;21;0.2;0.0
FR;64;2021-01-08;4898;16;11427;37;0.3;0.0
FR;64;2021-01-09;1965;2;13392;39;0.3;0.0
FR;64;2021-01-10;1032;1;14424;40;0.4;0.0
FR;64;2021-01-11;5299;12;19723;52;0.5;0.0
FR;64;2021-01-12;7171;16;26894;68;0.7;0.0
FR;64;2021-01-13;7479;22;34373;90;0.8;0.0
FR;64;2021-01-14;8593;89;42966;179;1.0;0.0
FR;64;2021-01-15;7117;41;50083;220;1.2;0.0
FR;64;2021-01-16;2223;20;52306;240;1.3;0.0
FR;64;2021-01-17;847;9;53153;249;1.3;0.0
FR;64;2021-01-18;4698;21;57851;270;1.4;0.0
FR;64;2021-01-19;6426;28;64277;298;1.6;0.0
FR;64;2021-01-20;6259;39;70536;337;1.7;0.0
FR;64;2021-01-21;6944;28;77480;365;1.9;0.0
FR;64;2021-01-22;5457;34;82937;399;2.0;0.0
FR;64;2021-01-23;1422;13;84359;412;2.1;0.0
FR;64;2021-01-24;436;9;84795;421;2.1;0.0
FR;64;2021-01-25;2784;208;87579;629;2.1;0.0
FR;64;2021-01-26;3549;500;91128;1129;2.2;0.0
FR;64;2021-01-27;3775;892;94903;2021;2.3;0.0
FR;64;2021-01-28;4581;1761;99484;3782;2.4;0.1
FR;64;2021-01-29;3543;2331;103027;6113;2.5;0.1
FR;64;2021-01-30;840;709;103867;6822;2.5;0.2
FR;64;2021-01-31;173;279;104040;7101;2.5;0.2
FR;64;2021-02-01;1534;2870;105574;9971;2.6;0.2
FR;64;2021-02-02;2159;4150;107733;14121;2.6;0.3
FR;64;2021-02-03;2314;4367;110047;18488;2.7;0.5
FR;64;2021-02-04;2830;5511;112877;23999;2.8;0.6
FR;64;2021-02-05;2198;4973;115075;28972;2.8;0.7
FR;64;2021-02-06;669;1305;115744;30277;2.8;0.7
FR;64;2021-02-07;165;493;115909;30770;2.8;0.8
FR;64;2021-02-08;1492;4199;117401;34969;2.9;0.9
FR;64;2021-02-09;2351;5671;119752;40640;2.9;1.0
FR;64;2021-02-10;2582;5680;122334;46320;3.0;1.1
FR;64;2021-02-11;3470;7237;125804;53557;3.1;1.3
FR;64;2021-02-12;3116;5458;128920;59015;3.1;1.4
FR;64;2021-02-13;852;1449;129772;60464;3.2;1.5
FR;64;2021-02-14;198;437;129970;60901;3.2;1.5
FR;64;2021-02-15;1599;3894;131569;64795;3.2;1.6
FR;64;2021-02-16;2092;5154;133661;69949;3.3;1.7
FR;64;2021-02-17;2219;4649;135880;74598;3.3;1.8
FR;64;2021-02-18;3254;5469;139134;80067;3.4;2.0
FR;64;2021-02-19;3026;4227;142160;84294;3.5;2.1
FR;64;2021-02-20;813;1204;142973;85498;3.5;2.1
FR;64;2021-02-21;135;256;143108;85754;3.5;2.1
FR;64;2021-02-22;1502;2673;144610;88427;3.5;2.2
FR;64;2021-02-23;2419;2924;147029;91351;3.6;2.2
FR;64;2021-02-24;3887;2869;150916;94220;3.7;2.3
FR;64;2021-02-25;16108;3911;167024;98131;4.1;2.4
FR;64;2021-02-26;21872;2862;188896;100993;4.6;2.5
FR;64;2021-02-27;13109;808;202005;101801;4.9;2.5
FR;64;2021-02-28;802;175;202807;101976;4.9;2.5
FR;64;2021-03-01;6588;1779;209395;103755;5.1;2.5
FR;64;2021-03-02;13169;2410;222564;106165;5.4;2.6
FR;64;2021-03-03;16011;2484;238575;108649;5.8;2.6
FR;64;2021-03-04;25292;3000;263867;111649;6.4;2.7
FR;64;2021-03-05;30605;2826;294472;114475;7.2;2.8
FR;64;2021-03-06;26977;941;321449;115416;7.8;2.8
FR;64;2021-03-07;9925;582;331374;115998;8.1;2.8
FR;64;2021-03-08;8869;1865;340243;117863;8.3;2.9
FR;64;2021-03-09;16891;2128;357134;119991;8.7;2.9
FR;64;2021-03-10;17159;2260;374293;122251;9.1;3.0
FR;64;2021-03-11;26039;2983;400332;125234;9.8;3.1
FR;64;2021-03-12;33563;2617;433895;127851;10.6;3.1
FR;64;2021-03-13;27459;925;461354;128776;11.2;3.1
FR;64;2021-03-14;5457;240;466811;129016;11.4;3.1
FR;64;2021-03-15;11102;1503;477913;130519;11.7;3.2
FR;64;2021-03-16;6032;1799;483945;132318;11.8;3.2
FR;64;2021-03-17;6169;1716;490114;134034;11.9;3.3
FR;64;2021-03-18;7707;2104;497821;136138;12.1;3.3
FR;64;2021-03-19;19003;2012;516824;138150;12.6;3.4
FR;64;2021-03-20;18586;831;535410;138981;13.1;3.4
FR;64;2021-03-21;4732;251;540142;139232;13.2;3.4
FR;64;2021-03-22;13579;1627;553721;140859;13.5;3.4
FR;64;2021-03-23;23593;2121;577314;142980;14.1;3.5
FR;64;2021-03-24;25244;2236;602558;145216;14.7;3.5
FR;64;2021-03-25;36748;2550;639306;147766;15.6;3.6
FR;64;2021-03-26;40309;2516;679615;150282;16.6;3.7
FR;64;2021-03-27;21369;1115;700984;151397;17.1;3.7
FR;64;2021-03-28;5104;277;706088;151674;17.2;3.7
FR;64;2021-03-29;17602;2218;723690;153892;17.6;3.8
FR;64;2021-03-30;27405;2959;751095;156851;18.3;3.8
FR;64;2021-03-31;24211;3034;775306;159885;18.9;3.9
FR;64;2021-04-01;30668;3914;805974;163799;19.6;4.0
FR;64;2021-04-02;29307;3719;835281;167518;20.4;4.1
FR;64;2021-04-03;16039;2423;851320;169941;20.8;4.1
FR;64;2021-04-04;4040;814;855360;170755;20.9;4.2
FR;64;2021-04-05;5121;815;860481;171570;21.0;4.2
FR;64;2021-04-06;19281;4357;879762;175927;21.4;4.3
FR;64;2021-04-07;23612;4916;903374;180843;22.0;4.4
FR;64;2021-04-08;34678;5779;938052;186622;22.9;4.5
FR;64;2021-04-09;53623;6317;991675;192939;24.2;4.7
FR;64;2021-04-10;29916;5143;1021591;198082;24.9;4.8
FR;64;2021-04-11;6275;2630;1027866;200712;25.1;4.9
FR;64;2021-04-12;28078;5289;1055944;206001;25.7;5.0
FR;64;2021-04-13;42602;7517;1098546;213518;26.8;5.2
FR;64;2021-04-14;40804;7287;1139350;220805;27.8;5.4
FR;64;2021-04-15;51995;8555;1191345;229360;29.0;5.6
FR;64;2021-04-16;64345;9088;1255690;238448;30.6;5.8
FR;64;2021-04-17;38577;7238;1294267;245686;31.6;6.0
FR;64;2021-04-18;10927;3368;1305194;249054;31.8;6.1
FR;64;2021-04-19;42005;8671;1347199;257725;32.8;6.3
FR;64;2021-04-20;52658;10548;1399857;268273;34.1;6.5
FR;64;2021-04-21;52548;11022;1452405;279295;35.4;6.8
FR;64;2021-04-22;57406;12920;1509811;292215;36.8;7.1
FR;64;2021-04-23;60945;12875;1570756;305090;38.3;7.4
FR;64;2021-04-24;43414;9198;1614170;314288;39.3;7.7
FR;64;2021-04-25;16232;3416;1630402;317704;39.7;7.7
FR;64;2021-04-26;50051;11643;1680453;329347;41.0;8.0
FR;64;2021-04-27;63039;15675;1743492;345022;42.5;8.4
FR;64;2021-04-28;64073;16133;1807565;361155;44.1;8.8
FR;64;2021-04-29;73745;20585;1881310;381740;45.9;9.3
FR;64;2021-04-30;75304;22125;1956614;403865;47.7;9.8
FR;64;2021-05-01;29350;6745;1985964;410610;48.4;10.0
FR;64;2021-05-02;14494;4015;2000458;414625;48.8;10.1
FR;64;2021-05-03;52366;15975;2052824;430600;50.0;10.5
FR;64;2021-05-04;53352;21715;2106176;452315;51.3;11.0
FR;64;2021-05-05;49556;22794;2155732;475109;52.6;11.6
FR;64;2021-05-06;56941;28924;2212673;504033;53.9;12.3
FR;64;2021-05-07;50990;34082;2263663;538115;55.2;13.1
FR;64;2021-05-08;21119;9361;2284782;547476;55.7;13.3
FR;64;2021-05-09;10062;5525;2294844;553001;55.9;13.5
FR;64;2021-05-10;34736;26850;2329580;579851;56.8;14.1
FR;64;2021-05-11;44169;37216;2373749;617067;57.9;15.0
FR;64;2021-05-12;39338;35056;2413087;652123;58.8;15.9
FR;64;2021-05-13;22117;10092;2435204;662215;59.4;16.1
FR;64;2021-05-14;36483;29126;2471687;691341;60.3;16.9
FR;64;2021-05-15;21365;19038;2493052;710379;60.8;17.3
FR;64;2021-05-16;8009;4320;2501061;714699;61.0;17.4
FR;64;2021-05-17;27034;25476;2528095;740175;61.6;18.0
FR;64;2021-05-18;33735;28413;2561830;768588;62.5;18.7
FR;64;2021-05-19;30568;26420;2592398;795008;63.2;19.4
FR;64;2021-05-20;35116;33297;2627514;828305;64.1;20.2
FR;64;2021-05-21;30292;37407;2657806;865712;64.8;21.1
FR;64;2021-05-22;14860;17713;2672666;883425;65.2;21.5
FR;64;2021-05-23;5133;2839;2677799;886264;65.3;21.6
FR;64;2021-05-24;10794;6498;2688593;892762;65.5;21.8
FR;64;2021-05-25;22737;34363;2711330;927125;66.1;22.6
FR;64;2021-05-26;21528;34980;2732858;962105;66.6;23.5
FR;64;2021-05-27;26053;43001;2758911;1005106;67.3;24.5
FR;64;2021-05-28;24540;55760;2783451;1060866;67.9;25.9
FR;64;2021-05-29;11943;33525;2795394;1094391;68.1;26.7
FR;64;2021-05-30;2673;7433;2798067;1101824;68.2;26.9
FR;64;2021-05-31;15861;45992;2813928;1147816;68.6;28.0
FR;64;2021-06-01;20874;56413;2834802;1204229;69.1;29.4
FR;64;2021-06-02;17077;50446;2851879;1254675;69.5;30.6
FR;64;2021-06-03;21217;55036;2873096;1309711;70.0;31.9
FR;64;2021-06-04;19863;66570;2892959;1376281;70.5;33.5
FR;64;2021-06-05;9414;43249;2902373;1419530;70.8;34.6
FR;64;2021-06-06;2668;10971;2905041;1430501;70.8;34.9
FR;64;2021-06-07;12358;60874;2917399;1491375;71.1;36.4
FR;64;2021-06-08;16493;66659;2933892;1558034;71.5;38.0
FR;64;2021-06-09;14637;58436;2948529;1616470;71.9;39.4
FR;64;2021-06-10;16569;57036;2965098;1673506;72.3;40.8
FR;64;2021-06-11;15103;69939;2980201;1743445;72.6;42.5
FR;64;2021-06-12;8105;36112;2988306;1779557;72.8;43.4
FR;64;2021-06-13;2120;9750;2990426;1789307;72.9;43.6
FR;64;2021-06-14;8933;64690;2999359;1853997;73.1;45.2
FR;64;2021-06-15;11717;66328;3011076;1920325;73.4;46.8
FR;64;2021-06-16;9973;53320;3021049;1973645;73.6;48.1
FR;64;2021-06-17;12042;55831;3033091;2029476;73.9;49.5
FR;64;2021-06-18;11061;61275;3044152;2090751;74.2;51.0
FR;64;2021-06-19;5497;29083;3049649;2119834;74.3;51.7
FR;64;2021-06-20;1148;6589;3050797;2126423;74.4;51.8
FR;64;2021-06-21;6285;45160;3057082;2171583;74.5;52.9
FR;64;2021-06-22;8410;52533;3065492;2224116;74.7;54.2
FR;64;2021-06-23;7315;40696;3072807;2264812;74.9;55.2
FR;64;2021-06-24;9282;40085;3082089;2304897;75.1;56.2
FR;64;2021-06-25;8600;50792;3090689;2355689;75.3;57.4
FR;64;2021-06-26;4301;25604;3094990;2381293;75.4;58.0
FR;64;2021-06-27;1115;6567;3096105;2387860;75.5;58.2
FR;64;2021-06-28;5398;38110;3101503;2425970;75.6;59.1
FR;69;2020-12-27;2;0;2;0;0.0;0.0
FR;69;2020-12-28;2;0;4;0;0.0;0.0
FR;69;2020-12-29;3;0;7;0;0.0;0.0
FR;69;2020-12-30;7;0;14;0;0.0;0.0
FR;69;2020-12-31;5;0;19;0;0.0;0.0
FR;69;2021-01-01;6;0;25;0;0.0;0.0
FR;69;2021-01-02;11;1;36;1;0.0;0.0
FR;69;2021-01-03;8;0;44;1;0.0;0.0
FR;69;2021-01-04;117;0;161;1;0.0;0.0
FR;69;2021-01-05;411;4;572;5;0.0;0.0
FR;69;2021-01-06;811;2;1383;7;0.0;0.0
FR;69;2021-01-07;1895;3;3278;10;0.1;0.0
FR;69;2021-01-08;2465;1;5743;11;0.1;0.0
FR;69;2021-01-09;1127;1;6870;12;0.2;0.0
FR;69;2021-01-10;661;0;7531;12;0.2;0.0
FR;69;2021-01-11;2744;6;10275;18;0.3;0.0
FR;69;2021-01-12;3894;3;14169;21;0.4;0.0
FR;69;2021-01-13;3808;15;17977;36;0.5;0.0
FR;69;2021-01-14;4582;48;22559;84;0.6;0.0
FR;69;2021-01-15;3855;15;26414;99;0.7;0.0
FR;69;2021-01-16;1345;14;27759;113;0.7;0.0
FR;69;2021-01-17;637;3;28396;116;0.7;0.0
FR;69;2021-01-18;3264;20;31660;136;0.8;0.0
FR;69;2021-01-19;4804;21;36464;157;0.9;0.0
FR;69;2021-01-20;4775;18;41239;175;1.1;0.0
FR;69;2021-01-21;5560;23;46799;198;1.2;0.0
FR;69;2021-01-22;4387;21;51186;219;1.3;0.0
FR;69;2021-01-23;1365;5;52551;224;1.3;0.0
FR;69;2021-01-24;451;6;53002;230;1.4;0.0
FR;69;2021-01-25;2737;82;55739;312;1.4;0.0
FR;69;2021-01-26;3369;187;59108;499;1.5;0.0
FR;69;2021-01-27;3676;416;62784;915;1.6;0.0
FR;69;2021-01-28;4337;896;67121;1811;1.7;0.0
FR;69;2021-01-29;3500;1237;70621;3048;1.8;0.1
FR;69;2021-01-30;946;404;71567;3452;1.8;0.1
FR;69;2021-01-31;180;162;71747;3614;1.8;0.1
FR;69;2021-02-01;1832;1522;73579;5136;1.9;0.1
FR;69;2021-02-02;2437;2205;76016;7341;1.9;0.2
FR;69;2021-02-03;2428;2274;78444;9615;2.0;0.2
FR;69;2021-02-04;2997;2929;81441;12544;2.1;0.3
FR;69;2021-02-05;2523;2541;83964;15085;2.2;0.4
FR;69;2021-02-06;729;809;84693;15894;2.2;0.4
FR;69;2021-02-07;162;391;84855;16285;2.2;0.4
FR;69;2021-02-08;1617;2412;86472;18697;2.2;0.5
FR;69;2021-02-09;2426;3419;88898;22116;2.3;0.6
FR;69;2021-02-10;2582;3410;91480;25526;2.3;0.7
FR;69;2021-02-11;3542;4870;95022;30396;2.4;0.8
FR;69;2021-02-12;3171;3423;98193;33819;2.5;0.9
FR;69;2021-02-13;870;1037;99063;34856;2.5;0.9
FR;69;2021-02-14;218;416;99281;35272;2.5;0.9
FR;69;2021-02-15;1346;2780;100627;38052;2.6;1.0
FR;69;2021-02-16;1879;3991;102506;42043;2.6;1.1
FR;69;2021-02-17;2020;3666;104526;45709;2.7;1.2
FR;69;2021-02-18;3020;4567;107546;50276;2.8;1.3
FR;69;2021-02-19;2894;3519;110440;53795;2.8;1.4
FR;69;2021-02-20;760;1027;111200;54822;2.8;1.4
FR;69;2021-02-21;153;236;111353;55058;2.9;1.4
FR;69;2021-02-22;1624;2578;112977;57636;2.9;1.5
FR;69;2021-02-23;2291;2826;115268;60462;3.0;1.5
FR;69;2021-02-24;2673;2920;117941;63382;3.0;1.6
FR;69;2021-02-25;3906;3594;121847;66976;3.1;1.7
FR;69;2021-02-26;4294;2638;126141;69614;3.2;1.8
FR;69;2021-02-27;1823;710;127964;70324;3.3;1.8
FR;69;2021-02-28;312;182;128276;70506;3.3;1.8
FR;69;2021-03-01;2813;1944;131089;72450;3.4;1.9
FR;69;2021-03-02;4733;2462;135822;74912;3.5;1.9
FR;69;2021-03-03;6754;2499;142576;77411;3.7;2.0
FR;69;2021-03-04;11859;3067;154435;80478;4.0;2.1
FR;69;2021-03-05;17583;2761;172018;83239;4.4;2.1
FR;69;2021-03-06;23403;886;195421;84125;5.0;2.2
FR;69;2021-03-07;14841;511;210262;84636;5.4;2.2
FR;69;2021-03-08;9829;2095;220091;86731;5.6;2.2
FR;69;2021-03-09;17571;2564;237662;89295;6.1;2.3
FR;69;2021-03-10;18918;2621;256580;91916;6.6;2.4
FR;69;2021-03-11;29305;3335;285885;95251;7.3;2.4
FR;69;2021-03-12;40078;3105;325963;98356;8.4;2.5
FR;69;2021-03-13;36219;1143;362182;99499;9.3;2.6
FR;69;2021-03-14;8227;292;370409;99791;9.5;2.6
FR;69;2021-03-15;16776;1873;387185;101664;9.9;2.6
FR;69;2021-03-16;10764;2218;397949;103882;10.2;2.7
FR;69;2021-03-17;11802;2219;409751;106101;10.5;2.7
FR;69;2021-03-18;13180;2651;422931;108752;10.8;2.8
FR;69;2021-03-19;28956;2521;451887;111273;11.6;2.9
FR;69;2021-03-20;27038;985;478925;112258;12.3;2.9
FR;69;2021-03-21;7140;294;486065;112552;12.5;2.9
FR;69;2021-03-22;21283;2253;507348;114805;13.0;2.9
FR;69;2021-03-23;36350;2906;543698;117711;13.9;3.0
FR;69;2021-03-24;37626;2952;581324;120663;14.9;3.1
FR;69;2021-03-25;55227;3272;636551;123935;16.3;3.2
FR;69;2021-03-26;59361;3176;695912;127111;17.8;3.3
FR;69;2021-03-27;30294;1463;726206;128574;18.6;3.3
FR;69;2021-03-28;7616;416;733822;128990;18.8;3.3
FR;69;2021-03-29;27763;3534;761585;132524;19.5;3.4
FR;69;2021-03-30;42376;4511;803961;137035;20.6;3.5
FR;69;2021-03-31;35468;4518;839429;141553;21.5;3.6
FR;69;2021-04-01;43402;5903;882831;147456;22.6;3.8
FR;69;2021-04-02;41455;6044;924286;153500;23.7;3.9
FR;69;2021-04-03;21716;3978;946002;157478;24.2;4.0
FR;69;2021-04-04;5815;1322;951817;158800;24.4;4.1
FR;69;2021-04-05;7624;1079;959441;159879;24.6;4.1
FR;69;2021-04-06;27951;7279;987392;167158;25.3;4.3
FR;69;2021-04-07;32470;7835;1019862;174993;26.1;4.5
FR;69;2021-04-08;48666;8987;1068528;183980;27.4;4.7
FR;69;2021-04-09;70759;9246;1139287;193226;29.2;5.0
FR;69;2021-04-10;36742;7954;1176029;201180;30.1;5.2
FR;69;2021-04-11;7987;4307;1184016;205487;30.3;5.3
FR;69;2021-04-12;38638;8941;1222654;214428;31.3;5.5
FR;69;2021-04-13;53616;12086;1276270;226514;32.7;5.8
FR;69;2021-04-14;49386;11763;1325656;238277;34.0;6.1
FR;69;2021-04-15;61905;13686;1387561;251963;35.6;6.5
FR;69;2021-04-16;72698;14223;1460259;266186;37.4;6.8
FR;69;2021-04-17;39715;10764;1499974;276950;38.4;7.1
FR;69;2021-04-18;10024;5050;1509998;282000;38.7;7.2
FR;69;2021-04-19;45914;13978;1555912;295978;39.9;7.6
FR;69;2021-04-20;57189;16923;1613101;312901;41.3;8.0
FR;69;2021-04-21;53528;16641;1666629;329542;42.7;8.4
FR;69;2021-04-22;60300;18846;1726929;348388;44.3;8.9
FR;69;2021-04-23;59469;18900;1786398;367288;45.8;9.4
FR;69;2021-04-24;37342;13221;1823740;380509;46.7;9.8
FR;69;2021-04-25;13282;5028;1837022;385537;47.1;9.9
FR;69;2021-04-26;49739;18466;1886761;404003;48.4;10.4
FR;69;2021-04-27;61827;23305;1948588;427308;49.9;11.0
FR;69;2021-04-28;59883;22184;2008471;449492;51.5;11.5
FR;69;2021-04-29;70170;24967;2078641;474459;53.3;12.2
FR;69;2021-04-30;66986;24036;2145627;498495;55.0;12.8
FR;69;2021-05-01;23907;7660;2169534;506155;55.6;13.0
FR;69;2021-05-02;11201;5183;2180735;511338;55.9;13.1
FR;69;2021-05-03;47543;21443;2228278;532781;57.1;13.7
FR;69;2021-05-04;48087;27804;2276365;560585;58.3;14.4
FR;69;2021-05-05;42830;27216;2319195;587801;59.4;15.1
FR;69;2021-05-06;50928;30297;2370123;618098;60.7;15.8
FR;69;2021-05-07;42398;34374;2412521;652472;61.8;16.7
FR;69;2021-05-08;16052;9428;2428573;661900;62.2;17.0
FR;69;2021-05-09;7334;6578;2435907;668478;62.4;17.1
FR;69;2021-05-10;29892;34785;2465799;703263;63.2;18.0
FR;69;2021-05-11;38347;43823;2504146;747086;64.2;19.1
FR;69;2021-05-12;33270;39280;2537416;786366;65.0;20.2
FR;69;2021-05-13;17551;11555;2554967;797921;65.5;20.4
FR;69;2021-05-14;30156;34232;2585123;832153;66.3;21.3
FR;69;2021-05-15;15328;18570;2600451;850723;66.6;21.8
FR;69;2021-05-16;5468;4328;2605919;855051;66.8;21.9
FR;69;2021-05-17;21957;28866;2627876;883917;67.3;22.7
FR;69;2021-05-18;28120;29667;2655996;913584;68.1;23.4
FR;69;2021-05-19;24436;25260;2680432;938844;68.7;24.1
FR;69;2021-05-20;28477;27861;2708909;966705;69.4;24.8
FR;69;2021-05-21;23033;30766;2731942;997471;70.0;25.6
FR;69;2021-05-22;9696;14384;2741638;1011855;70.3;25.9
FR;69;2021-05-23;3194;2386;2744832;1014241;70.3;26.0
FR;69;2021-05-24;8131;7137;2752963;1021378;70.6;26.2
FR;69;2021-05-25;17941;36236;2770904;1057614;71.0;27.1
FR;69;2021-05-26;16408;34482;2787312;1092096;71.4;28.0
FR;69;2021-05-27;20651;42287;2807963;1134383;72.0;29.1
FR;69;2021-05-28;18329;53879;2826292;1188262;72.4;30.5
FR;69;2021-05-29;7670;31262;2833962;1219524;72.6;31.3
FR;69;2021-05-30;1705;6903;2835667;1226427;72.7;31.4
FR;69;2021-05-31;12361;47523;2848028;1273950;73.0;32.6
FR;69;2021-06-01;16230;57673;2864258;1331623;73.4;34.1
FR;69;2021-06-02;13003;50028;2877261;1381651;73.7;35.4
FR;69;2021-06-03;16389;57687;2893650;1439338;74.2;36.9
FR;69;2021-06-04;14598;67122;2908248;1506460;74.5;38.6
FR;69;2021-06-05;6100;39528;2914348;1545988;74.7;39.6
FR;69;2021-06-06;1569;9078;2915917;1555066;74.7;39.9
FR;69;2021-06-07;9746;59514;2925663;1614580;75.0;41.4
FR;69;2021-06-08;13414;66457;2939077;1681037;75.3;43.1
FR;69;2021-06-09;11641;54983;2950718;1736020;75.6;44.5
FR;69;2021-06-10;13950;57866;2964668;1793886;76.0;46.0
FR;69;2021-06-11;12098;69306;2976766;1863192;76.3;47.8
FR;69;2021-06-12;5637;32235;2982403;1895427;76.4;48.6
FR;69;2021-06-13;1316;7824;2983719;1903251;76.5;48.8
FR;69;2021-06-14;7338;61141;2991057;1964392;76.7;50.3
FR;69;2021-06-15;9974;66414;3001031;2030806;76.9;52.0
FR;69;2021-06-16;8157;50182;3009188;2080988;77.1;53.3
FR;69;2021-06-17;9738;57168;3018926;2138156;77.4;54.8
FR;69;2021-06-18;8596;60794;3027522;2198950;77.6;56.4
FR;69;2021-06-19;3690;24279;3031212;2223229;77.7;57.0
FR;69;2021-06-20;730;4942;3031942;2228171;77.7;57.1
FR;69;2021-06-21;5059;41881;3037001;2270052;77.8;58.2
FR;69;2021-06-22;6859;50973;3043860;2321025;78.0;59.5
FR;69;2021-06-23;5818;36955;3049678;2357980;78.2;60.4
FR;69;2021-06-24;7554;39224;3057232;2397204;78.4;61.4
FR;69;2021-06-25;6484;47342;3063716;2444546;78.5;62.7
FR;69;2021-06-26;2847;19989;3066563;2464535;78.6;63.2
FR;69;2021-06-27;634;4699;3067197;2469234;78.6;63.3
FR;69;2021-06-28;4174;32952;3071371;2502186;78.7;64.1
FR;74;2020-12-27;1;0;1;0;0.0;0.0
FR;74;2020-12-28;7;0;8;0;0.0;0.0
FR;74;2020-12-29;5;0;13;0;0.0;0.0
FR;74;2020-12-30;12;0;25;0;0.0;0.0
FR;74;2020-12-31;8;0;33;0;0.0;0.0
FR;74;2021-01-01;5;0;38;0;0.0;0.0
FR;74;2021-01-02;3;0;41;0;0.0;0.0
FR;74;2021-01-03;13;0;54;0;0.0;0.0
FR;74;2021-01-04;89;1;143;1;0.0;0.0
FR;74;2021-01-05;301;0;444;1;0.0;0.0
FR;74;2021-01-06;555;1;999;2;0.0;0.0
FR;74;2021-01-07;1471;0;2470;2;0.1;0.0
FR;74;2021-01-08;1814;4;4284;6;0.1;0.0
FR;74;2021-01-09;801;1;5085;7;0.1;0.0
FR;74;2021-01-10;542;0;5627;7;0.2;0.0
FR;74;2021-01-11;2140;2;7767;9;0.2;0.0
FR;74;2021-01-12;3168;7;10935;16;0.3;0.0
FR;74;2021-01-13;3228;8;14163;24;0.4;0.0
FR;74;2021-01-14;3975;42;18138;66;0.5;0.0
FR;74;2021-01-15;3551;12;21689;78;0.6;0.0
FR;74;2021-01-16;1344;5;23033;83;0.7;0.0
FR;74;2021-01-17;766;4;23799;87;0.7;0.0
FR;74;2021-01-18;4736;15;28535;102;0.8;0.0
FR;74;2021-01-19;6838;14;35373;116;1.0;0.0
FR;74;2021-01-20;7127;13;42500;129;1.2;0.0
FR;74;2021-01-21;8227;30;50727;159;1.5;0.0
FR;74;2021-01-22;6576;24;57303;183;1.6;0.0
FR;74;2021-01-23;2265;5;59568;188;1.7;0.0
FR;74;2021-01-24;613;2;60181;190;1.7;0.0
FR;74;2021-01-25;4553;57;64734;247;1.9;0.0
FR;74;2021-01-26;5648;153;70382;400;2.0;0.0
FR;74;2021-01-27;5999;273;76381;673;2.2;0.0
FR;74;2021-01-28;6998;754;83379;1427;2.4;0.0
FR;74;2021-01-29;5751;902;89130;2329;2.6;0.1
FR;74;2021-01-30;1774;264;90904;2593;2.6;0.1
FR;74;2021-01-31;296;114;91200;2707;2.6;0.1
FR;74;2021-02-01;3305;1065;94505;3772;2.7;0.1
FR;74;2021-02-02;4314;1790;98819;5562;2.8;0.2
FR;74;2021-02-03;4328;1809;103147;7371;3.0;0.2
FR;74;2021-02-04;5192;2469;108339;9840;3.1;0.3
FR;74;2021-02-05;4408;2182;112747;12022;3.2;0.3
FR;74;2021-02-06;1414;695;114161;12717;3.3;0.4
FR;74;2021-02-07;243;351;114404;13068;3.3;0.4
FR;74;2021-02-08;3095;2508;117499;15576;3.4;0.4
FR;74;2021-02-09;4130;3731;121629;19307;3.5;0.6
FR;74;2021-02-10;4437;3820;126066;23127;3.6;0.7
FR;74;2021-02-11;5653;5480;131719;28607;3.8;0.8
FR;74;2021-02-12;5289;3823;137008;32430;3.9;0.9
FR;74;2021-02-13;1658;1219;138666;33649;4.0;1.0
FR;74;2021-02-14;408;472;139074;34121;4.0;1.0
FR;74;2021-02-15;2419;4185;141493;38306;4.1;1.1
FR;74;2021-02-16;3282;5637;144775;43943;4.2;1.3
FR;74;2021-02-17;3404;5459;148179;49402;4.3;1.4
FR;74;2021-02-18;4959;6820;153138;56222;4.4;1.6
FR;74;2021-02-19;4897;5422;158035;61644;4.5;1.8
FR;74;2021-02-20;1559;1742;159594;63386;4.6;1.8
FR;74;2021-02-21;233;415;159827;63801;4.6;1.8
FR;74;2021-02-22;2887;4295;162714;68096;4.7;2.0
FR;74;2021-02-23;4159;4904;166873;73000;4.8;2.1
FR;74;2021-02-24;4543;4851;171416;77851;4.9;2.2
FR;74;2021-02-25;5552;5708;176968;83559;5.1;2.4
FR;74;2021-02-26;5513;4491;182481;88050;5.2;2.5
FR;74;2021-02-27;2041;1370;184522;89420;5.3;2.6
FR;74;2021-02-28;531;294;185053;89714;5.3;2.6
FR;74;2021-03-01;5095;3384;190148;93098;5.5;2.7
FR;74;2021-03-02;7487;4303;197635;97401;5.7;2.8
FR;74;2021-03-03;9754;4296;207389;101697;6.0;2.9
FR;74;2021-03-04;15168;4873;222557;106570;6.4;3.1
FR;74;2021-03-05;21789;4685;244346;111255;7.0;3.2
FR;74;2021-03-06;31464;1556;275810;112811;7.9;3.2
FR;74;2021-03-07;21044;651;296854;113462;8.5;3.3
FR;74;2021-03-08;14309;3733;311163;117195;8.9;3.4
FR;74;2021-03-09;24167;4322;335330;121517;9.6;3.5
FR;74;2021-03-10;26426;4518;361756;126035;10.4;3.6
FR;74;2021-03-11;38470;5506;400226;131541;11.5;3.8
FR;74;2021-03-12;50844;4928;451070;136469;13.0;3.9
FR;74;2021-03-13;48074;1763;499144;138232;14.4;4.0
FR;74;2021-03-14;12005;481;511149;138713;14.7;4.0
FR;74;2021-03-15;25645;3239;536794;141952;15.4;4.1
FR;74;2021-03-16;20080;3903;556874;145855;16.0;4.2
FR;74;2021-03-17;21871;3948;578745;149803;16.6;4.3
FR;74;2021-03-18;24494;4600;603239;154403;17.3;4.4
FR;74;2021-03-19;41526;4116;644765;158519;18.5;4.6
FR;74;2021-03-20;35509;1674;680274;160193;19.6;4.6
FR;74;2021-03-21;9479;441;689753;160634;19.8;4.6
FR;74;2021-03-22;31585;3994;721338;164628;20.7;4.7
FR;74;2021-03-23;50312;4967;771650;169595;22.2;4.9
FR;74;2021-03-24;52271;5350;823921;174945;23.7;5.0
FR;74;2021-03-25;75018;5790;898939;180735;25.8;5.2
FR;74;2021-03-26;81017;5470;979956;186205;28.2;5.4
FR;74;2021-03-27;51167;2538;1031123;188743;29.6;5.4
FR;74;2021-03-28;17821;792;1048944;189535;30.2;5.4
FR;74;2021-03-29;56157;7030;1105101;196565;31.8;5.7
FR;74;2021-03-30;76643;8962;1181744;205527;34.0;5.9
FR;74;2021-03-31;68029;9506;1249773;215033;35.9;6.2
FR;74;2021-04-01;78477;11911;1328250;226944;38.2;6.5
FR;74;2021-04-02;70069;12464;1398319;239408;40.2;6.9
FR;74;2021-04-03;37206;8541;1435525;247949;41.3;7.1
FR;74;2021-04-04;12510;2815;1448035;250764;41.6;7.2
FR;74;2021-04-05;19210;1917;1467245;252681;42.2;7.3
FR;74;2021-04-06;64451;15252;1531696;267933;44.0;7.7
FR;74;2021-04-07;72695;16115;1604391;284048;46.1;8.2
FR;74;2021-04-08;87717;18051;1692108;302099;48.6;8.7
FR;74;2021-04-09;97397;17904;1789505;320003;51.4;9.2
FR;74;2021-04-10;48642;14133;1838147;334136;52.8;9.6
FR;74;2021-04-11;12709;6848;1850856;340984;53.2;9.8
FR;74;2021-04-12;60928;17809;1911784;358793;55.0;10.3
FR;74;2021-04-13;68761;22293;1980545;381086;56.9;11.0
FR;74;2021-04-14;60177;21860;2040722;402946;58.7;11.6
FR;74;2021-04-15;62001;23811;2102723;426757;60.5;12.3
FR;74;2021-04-16;52345;24389;2155068;451146;62.0;13.0
FR;74;2021-04-17;25754;16851;2180822;467997;62.7;13.5
FR;74;2021-04-18;5750;6975;2186572;474972;62.9;13.7
FR;74;2021-04-19;31748;24349;2218320;499321;63.8;14.4
FR;74;2021-04-20;36326;29627;2254646;528948;64.8;15.2
FR;74;2021-04-21;33399;30248;2288045;559196;65.8;16.1
FR;74;2021-04-22;38136;35240;2326181;594436;66.9;17.1
FR;74;2021-04-23;34889;38832;2361070;633268;67.9;18.2
FR;74;2021-04-24;18661;30737;2379731;664005;68.4;19.1
FR;74;2021-04-25;6144;12567;2385875;676572;68.6;19.5
FR;74;2021-04-26;26769;46884;2412644;723456;69.4;20.8
FR;74;2021-04-27;33082;56074;2445726;779530;70.3;22.4
FR;74;2021-04-28;32659;52840;2478385;832370;71.3;23.9
FR;74;2021-04-29;38767;53991;2517152;886361;72.4;25.5
FR;74;2021-04-30;35064;49157;2552216;935518;73.4;26.9
FR;74;2021-05-01;11102;15157;2563318;950675;73.7;27.3
FR;74;2021-05-02;5180;11401;2568498;962076;73.8;27.7
FR;74;2021-05-03;24224;52134;2592722;1014210;74.5;29.2
FR;74;2021-05-04;25161;69251;2617883;1083461;75.3;31.1
FR;74;2021-05-05;22734;64920;2640617;1148381;75.9;33.0
FR;74;2021-05-06;27411;63282;2668028;1211663;76.7;34.8
FR;74;2021-05-07;23308;66012;2691336;1277675;77.4;36.7
FR;74;2021-05-08;8254;14325;2699590;1292000;77.6;37.1
FR;74;2021-05-09;3689;10477;2703279;1302477;77.7;37.4
FR;74;2021-05-10;16132;63072;2719411;1365549;78.2;39.3
FR;74;2021-05-11;21006;64117;2740417;1429666;78.8;41.1
FR;74;2021-05-12;18512;53184;2758929;1482850;79.3;42.6
FR;74;2021-05-13;9111;12106;2768040;1494956;79.6;43.0
FR;74;2021-05-14;17017;37783;2785057;1532739;80.1;44.1
FR;74;2021-05-15;8411;17589;2793468;1550328;80.3;44.6
FR;74;2021-05-16;3001;3503;2796469;1553831;80.4;44.7
FR;74;2021-05-17;12285;30824;2808754;1584655;80.8;45.6
FR;74;2021-05-18;15526;30500;2824280;1615155;81.2;46.4
FR;74;2021-05-19;14073;25404;2838353;1640559;81.6;47.2
FR;74;2021-05-20;16072;27703;2854425;1668262;82.1;48.0
FR;74;2021-05-21;13395;30709;2867820;1698971;82.4;48.8
FR;74;2021-05-22;5776;14229;2873596;1713200;82.6;49.3
FR;74;2021-05-23;1858;2383;2875454;1715583;82.7;49.3
FR;74;2021-05-24;4646;5732;2880100;1721315;82.8;49.5
FR;74;2021-05-25;10632;35195;2890732;1756510;83.1;50.5
FR;74;2021-05-26;10041;32947;2900773;1789457;83.4;51.4
FR;74;2021-05-27;11864;39441;2912637;1828898;83.7;52.6
FR;74;2021-05-28;11264;45054;2923901;1873952;84.1;53.9
FR;74;2021-05-29;4757;24310;2928658;1898262;84.2;54.6
FR;74;2021-05-30;1044;4238;2929702;1902500;84.2;54.7
FR;74;2021-05-31;7572;29837;2937274;1932337;84.4;55.6
FR;74;2021-06-01;10297;40170;2947571;1972507;84.7;56.7
FR;74;2021-06-02;8482;34096;2956053;2006603;85.0;57.7
FR;74;2021-06-03;10558;42330;2966611;2048933;85.3;58.9
FR;74;2021-06-04;9713;48044;2976324;2096977;85.6;60.3
FR;74;2021-06-05;4060;25151;2980384;2122128;85.7;61.0
FR;74;2021-06-06;935;4685;2981319;2126813;85.7;61.1
FR;74;2021-06-07;6139;31631;2987458;2158444;85.9;62.1
FR;74;2021-06-08;8688;38117;2996146;2196561;86.1;63.1
FR;74;2021-06-09;7641;32508;3003787;2229069;86.4;64.1
FR;74;2021-06-10;8976;37902;3012763;2266971;86.6;65.2
FR;74;2021-06-11;8212;46573;3020975;2313544;86.9;66.5
FR;74;2021-06-12;3650;20550;3024625;2334094;87.0;67.1
FR;74;2021-06-13;849;4157;3025474;2338251;87.0;67.2
FR;74;2021-06-14;4986;34080;3030460;2372331;87.1;68.2
FR;74;2021-06-15;6913;42644;3037373;2414975;87.3;69.4
FR;74;2021-06-16;5647;33281;3043020;2448256;87.5;70.4
FR;74;2021-06-17;6995;40741;3050015;2488997;87.7;71.6
FR;74;2021-06-18;5900;43650;3055915;2532647;87.9;72.8
FR;74;2021-06-19;2523;15763;3058438;2548410;87.9;73.3
FR;74;2021-06-20;472;2798;3058910;2551208;87.9;73.3
FR;74;2021-06-21;3564;25097;3062474;2576305;88.0;74.1
FR;74;2021-06-22;4790;32911;3067264;2609216;88.2;75.0
FR;74;2021-06-23;4271;23648;3071535;2632864;88.3;75.7
FR;74;2021-06-24;5275;26275;3076810;2659139;88.5;76.4
FR;74;2021-06-25;4651;30609;3081461;2689748;88.6;77.3
FR;74;2021-06-26;2049;12180;3083510;2701928;88.6;77.7
FR;74;2021-06-27;471;2641;3083981;2704569;88.7;77.8
FR;74;2021-06-28;2838;18580;3086819;2723149;88.7;78.3
FR;79;2020-12-27;1;0;1;0;0.0;0.0
FR;79;2020-12-28;6;0;7;0;0.0;0.0
FR;79;2020-12-29;16;0;23;0;0.0;0.0
FR;79;2020-12-30;12;0;35;0;0.0;0.0
FR;79;2020-12-31;6;0;41;0;0.0;0.0
FR;79;2021-01-01;6;0;47;0;0.0;0.0
FR;79;2021-01-02;4;0;51;0;0.0;0.0
FR;79;2021-01-03;2;0;53;0;0.0;0.0
FR;79;2021-01-04;50;0;103;0;0.0;0.0
FR;79;2021-01-05;173;0;276;0;0.0;0.0
FR;79;2021-01-06;342;1;618;1;0.0;0.0
FR;79;2021-01-07;911;0;1529;1;0.1;0.0
FR;79;2021-01-08;1090;1;2619;2;0.1;0.0
FR;79;2021-01-09;366;0;2985;2;0.1;0.0
FR;79;2021-01-10;196;0;3181;2;0.1;0.0
FR;79;2021-01-11;1169;3;4350;5;0.2;0.0
FR;79;2021-01-12;2217;2;6567;7;0.3;0.0
FR;79;2021-01-13;2768;2;9335;9;0.4;0.0
FR;79;2021-01-14;4453;36;13788;45;0.6;0.0
FR;79;2021-01-15;5282;18;19070;63;0.9;0.0
FR;79;2021-01-16;2834;14;21904;77;1.0;0.0
FR;79;2021-01-17;1311;3;23215;80;1.0;0.0
FR;79;2021-01-18;19702;40;42917;120;1.9;0.0
FR;79;2021-01-19;26099;42;69016;162;3.1;0.0
FR;79;2021-01-20;28104;34;97120;196;4.4;0.0
FR;79;2021-01-21;30126;45;127246;241;5.7;0.0
FR;79;2021-01-22;28006;41;155252;282;7.0;0.0
FR;79;2021-01-23;11693;13;166945;295;7.5;0.0
FR;79;2021-01-24;2174;4;169119;299;7.6;0.0
FR;79;2021-01-25;22601;52;191720;351;8.6;0.0
FR;79;2021-01-26;25785;127;217505;478;9.8;0.0
FR;79;2021-01-27;25062;205;242567;683;10.9;0.0
FR;79;2021-01-28;25251;570;267818;1253;12.1;0.1
FR;79;2021-01-29;22576;574;290394;1827;13.1;0.1
FR;79;2021-01-30;8795;139;299189;1966;13.5;0.1
FR;79;2021-01-31;1235;55;300424;2021;13.5;0.1
FR;79;2021-02-01;16203;652;316627;2673;14.3;0.1
FR;79;2021-02-02;19325;1282;335952;3955;15.2;0.2
FR;79;2021-02-03;18339;1595;354291;5550;16.0;0.3
FR;79;2021-02-04;19226;2541;373517;8091;16.8;0.4
FR;79;2021-02-05;18080;2694;391597;10785;17.7;0.5
FR;79;2021-02-06;6467;1012;398064;11797;18.0;0.5
FR;79;2021-02-07;870;392;398934;12189;18.0;0.5
FR;79;2021-02-08;13127;5825;412061;18014;18.6;0.8
FR;79;2021-02-09;15600;7685;427661;25699;19.3;1.2
FR;79;2021-02-10;15475;8065;443136;33764;20.0;1.5
FR;79;2021-02-11;16553;9626;459689;43390;20.7;2.0
FR;79;2021-02-12;15705;9434;475394;52824;21.4;2.4
FR;79;2021-02-13;5017;4129;480411;56953;21.7;2.6
FR;79;2021-02-14;907;1045;481318;57998;21.7;2.6
FR;79;2021-02-15;7145;19837;488463;77835;22.0;3.5
FR;79;2021-02-16;8365;23646;496828;101481;22.4;4.6
FR;79;2021-02-17;8264;24041;505092;125522;22.8;5.7
FR;79;2021-02-18;10343;24447;515435;149969;23.2;6.8
FR;79;2021-02-19;10346;20782;525781;170751;23.7;7.7
FR;79;2021-02-20;3783;8319;529564;179070;23.9;8.1
FR;79;2021-02-21;549;1559;530113;180629;23.9;8.1
FR;79;2021-02-22;7007;21902;537120;202531;24.2;9.1
FR;79;2021-02-23;9664;23581;546784;226112;24.7;10.2
FR;79;2021-02-24;10072;22224;556856;248336;25.1;11.2
FR;79;2021-02-25;11730;22120;568586;270456;25.6;12.2
FR;79;2021-02-26;12095;19143;580681;289599;26.2;13.1
FR;79;2021-02-27;4435;6747;585116;296346;26.4;13.4
FR;79;2021-02-28;877;1040;585993;297386;26.4;13.4
FR;79;2021-03-01;12149;16487;598142;313873;27.0;14.2
FR;79;2021-03-02;16352;19301;614494;333174;27.7;15.0
FR;79;2021-03-03;17775;18583;632269;351757;28.5;15.9
FR;79;2021-03-04;20991;17742;653260;369499;29.5;16.7
FR;79;2021-03-05;22512;16544;675772;386043;30.5;17.4
FR;79;2021-03-06;29102;5488;704874;391531;31.8;17.7
FR;79;2021-03-07;21099;1121;725973;392652;32.7;17.7
FR;79;2021-03-08;17411;15393;743384;408045;33.5;18.4
FR;79;2021-03-09;25806;16519;769190;424564;34.7;19.1
FR;79;2021-03-10;26924;15682;796114;440246;35.9;19.9
FR;79;2021-03-11;31919;15227;828033;455473;37.3;20.5
FR;79;2021-03-12;33449;13052;861482;468525;38.9;21.1
FR;79;2021-03-13;25424;4309;886906;472834;40.0;21.3
FR;79;2021-03-14;9488;803;896394;473637;40.4;21.4
FR;79;2021-03-15;28551;8788;924945;482425;41.7;21.8
FR;79;2021-03-16;32856;9362;957801;491787;43.2;22.2
FR;79;2021-03-17;33846;9333;991647;501120;44.7;22.6
FR;79;2021-03-18;36738;9832;1028385;510952;46.4;23.0
FR;79;2021-03-19;36775;8955;1065160;519907;48.0;23.4
FR;79;2021-03-20;20705;3346;1085865;523253;49.0;23.6
FR;79;2021-03-21;5877;614;1091742;523867;49.2;23.6
FR;79;2021-03-22;28619;9254;1120361;533121;50.5;24.0
FR;79;2021-03-23;37090;10863;1157451;543984;52.2;24.5
FR;79;2021-03-24;35574;11424;1193025;555408;53.8;25.0
FR;79;2021-03-25;41975;11203;1235000;566611;55.7;25.6
FR;79;2021-03-26;39430;10522;1274430;577133;57.5;26.0
FR;79;2021-03-27;17664;4448;1292094;581581;58.3;26.2
FR;79;2021-03-28;4799;919;1296893;582500;58.5;26.3
FR;79;2021-03-29;22300;15033;1319193;597533;59.5;26.9
FR;79;2021-03-30;28061;18958;1347254;616491;60.8;27.8
FR;79;2021-03-31;24701;19787;1371955;636278;61.9;28.7
FR;79;2021-04-01;27205;23236;1399160;659514;63.1;29.7
FR;79;2021-04-02;23088;24487;1422248;684001;64.1;30.8
FR;79;2021-04-03;10019;17378;1432267;701379;64.6;31.6
FR;79;2021-04-04;2802;5070;1435069;706449;64.7;31.9
FR;79;2021-04-05;4188;2761;1439257;709210;64.9;32.0
FR;79;2021-04-06;19000;28992;1458257;738202;65.8;33.3
FR;79;2021-04-07;21070;29878;1479327;768080;66.7;34.6
FR;79;2021-04-08;24997;29971;1504324;798051;67.8;36.0
FR;79;2021-04-09;26845;28138;1531169;826189;69.1;37.3
FR;79;2021-04-10;13583;18957;1544752;845146;69.7;38.1
FR;79;2021-04-11;3488;6458;1548240;851604;69.8;38.4
FR;79;2021-04-12;16747;28922;1564987;880526;70.6;39.7
FR;79;2021-04-13;19122;35037;1584109;915563;71.4;41.3
FR;79;2021-04-14;18183;33164;1602292;948727;72.3;42.8
FR;79;2021-04-15;19103;33359;1621395;982086;73.1;44.3
FR;79;2021-04-16;16245;31065;1637640;1013151;73.9;45.7
FR;79;2021-04-17;8158;16709;1645798;1029860;74.2;46.4
FR;79;2021-04-18;1769;4834;1647567;1034694;74.3;46.7
FR;79;2021-04-19;9844;29176;1657411;1063870;74.7;48.0
FR;79;2021-04-20;11703;34447;1669114;1098317;75.3;49.5
FR;79;2021-04-21;11299;31217;1680413;1129534;75.8;50.9
FR;79;2021-04-22;12854;31103;1693267;1160637;76.4;52.3
FR;79;2021-04-23;11910;27696;1705177;1188333;76.9;53.6
FR;79;2021-04-24;6160;13723;1711337;1202056;77.2;54.2
FR;79;2021-04-25;1913;3429;1713250;1205485;77.3;54.4
FR;79;2021-04-26;8948;20609;1722198;1226094;77.7;55.3
FR;79;2021-04-27;11077;23678;1733275;1249772;78.2;56.4
FR;79;2021-04-28;11595;20918;1744870;1270690;78.7;57.3
FR;79;2021-04-29;13662;20681;1758532;1291371;79.3;58.2
FR;79;2021-04-30;12823;17613;1771355;1308984;79.9;59.0
FR;79;2021-05-01;3819;3922;1775174;1312906;80.1;59.2
FR;79;2021-05-02;1744;2619;1776918;1315525;80.1;59.3
FR;79;2021-05-03;8608;15114;1785526;1330639;80.5;60.0
FR;79;2021-05-04;8941;20149;1794467;1350788;80.9;60.9
FR;79;2021-05-05;8425;18973;1802892;1369761;81.3;61.8
FR;79;2021-05-06;10262;18772;1813154;1388533;81.8;62.6
FR;79;2021-05-07;8969;19462;1822123;1407995;82.2;63.5
FR;79;2021-05-08;3093;4294;1825216;1412289;82.3;63.7
FR;79;2021-05-09;1384;2989;1826600;1415278;82.4;63.8
FR;79;2021-05-10;6174;17478;1832774;1432756;82.7;64.6
FR;79;2021-05-11;8007;18547;1840781;1451303;83.0;65.5
FR;79;2021-05-12;7297;15784;1848078;1467087;83.3;66.2
FR;79;2021-05-13;3508;3784;1851586;1470871;83.5;66.3
FR;79;2021-05-14;6785;11374;1858371;1482245;83.8;66.8
FR;79;2021-05-15;3306;5098;1861677;1487343;84.0;67.1
FR;79;2021-05-16;1145;1154;1862822;1488497;84.0;67.1
FR;79;2021-05-17;4938;8998;1867760;1497495;84.2;67.5
FR;79;2021-05-18;6123;9136;1873883;1506631;84.5;67.9
FR;79;2021-05-19;5711;7953;1879594;1514584;84.8;68.3
FR;79;2021-05-20;6593;8091;1886187;1522675;85.1;68.7
FR;79;2021-05-21;5605;8737;1891792;1531412;85.3;69.1
FR;79;2021-05-22;2405;3806;1894197;1535218;85.4;69.2
FR;79;2021-05-23;728;789;1894925;1536007;85.5;69.3
FR;79;2021-05-24;1834;1601;1896759;1537608;85.5;69.3
FR;79;2021-05-25;4359;10187;1901118;1547795;85.7;69.8
FR;79;2021-05-26;4302;9499;1905420;1557294;85.9;70.2
FR;79;2021-05-27;5201;10945;1910621;1568239;86.2;70.7
FR;79;2021-05-28;4715;12372;1915336;1580611;86.4;71.3
FR;79;2021-05-29;2041;6663;1917377;1587274;86.5;71.6
FR;79;2021-05-30;435;1253;1917812;1588527;86.5;71.6
FR;79;2021-05-31;3185;9028;1920997;1597555;86.6;72.0
FR;79;2021-06-01;4407;11094;1925404;1608649;86.8;72.5
FR;79;2021-06-02;3846;9708;1929250;1618357;87.0;73.0
FR;79;2021-06-03;4767;11233;1934017;1629590;87.2;73.5
FR;79;2021-06-04;4274;12687;1938291;1642277;87.4;74.1
FR;79;2021-06-05;1921;6458;1940212;1648735;87.5;74.4
FR;79;2021-06-06;431;1438;1940643;1650173;87.5;74.4
FR;79;2021-06-07;2679;10031;1943322;1660204;87.6;74.9
FR;79;2021-06-08;3757;11680;1947079;1671884;87.8;75.4
FR;79;2021-06-09;3321;10090;1950400;1681974;88.0;75.9
FR;79;2021-06-10;3893;11081;1954293;1693055;88.1;76.4
FR;79;2021-06-11;3648;13193;1957941;1706248;88.3;77.0
FR;79;2021-06-12;1653;5621;1959594;1711869;88.4;77.2
FR;79;2021-06-13;312;1318;1959906;1713187;88.4;77.3
FR;79;2021-06-14;2014;11098;1961920;1724285;88.5;77.8
FR;79;2021-06-15;2887;12663;1964807;1736948;88.6;78.3
FR;79;2021-06-16;2463;9955;1967270;1746903;88.7;78.8
FR;79;2021-06-17;2872;11225;1970142;1758128;88.9;79.3
FR;79;2021-06-18;2694;12324;1972836;1770452;89.0;79.8
FR;79;2021-06-19;1168;4472;1974004;1774924;89.0;80.0
FR;79;2021-06-20;206;930;1974210;1775854;89.0;80.1
FR;79;2021-06-21;1547;8154;1975757;1784008;89.1;80.5
FR;79;2021-06-22;2110;10166;1977867;1794174;89.2;80.9
FR;79;2021-06-23;1926;7625;1979793;1801799;89.3;81.3
FR;79;2021-06-24;2411;7683;1982204;1809482;89.4;81.6
FR;79;2021-06-25;2292;9227;1984496;1818709;89.5;82.0
FR;79;2021-06-26;958;3828;1985454;1822537;89.5;82.2
FR;79;2021-06-27;188;967;1985642;1823504;89.6;82.2
FR;79;2021-06-28;1286;6778;1986928;1830282;89.6;82.5
FR;80;2020-12-27;10;2;10;2;0.0;0.0
FR;80;2020-12-28;41;0;51;2;0.0;0.0
FR;80;2020-12-29;78;0;129;2;0.0;0.0
FR;80;2020-12-30;69;0;198;2;0.0;0.0
FR;80;2020-12-31;50;0;248;2;0.0;0.0
FR;80;2021-01-01;10;0;258;2;0.0;0.0
FR;80;2021-01-02;9;0;267;2;0.0;0.0
FR;80;2021-01-03;2;0;269;2;0.0;0.0
FR;80;2021-01-04;297;1;566;3;0.0;0.0
FR;80;2021-01-05;913;2;1479;5;0.0;0.0
FR;80;2021-01-06;1675;2;3154;7;0.1;0.0
FR;80;2021-01-07;6352;5;9506;12;0.2;0.0
FR;80;2021-01-08;5785;11;15291;23;0.4;0.0
FR;80;2021-01-09;979;0;16270;23;0.4;0.0
FR;80;2021-01-10;311;0;16581;23;0.4;0.0
FR;80;2021-01-11;4470;10;21051;33;0.5;0.0
FR;80;2021-01-12;12759;18;33810;51;0.8;0.0
FR;80;2021-01-13;12503;20;46313;71;1.1;0.0
FR;80;2021-01-14;18301;112;64614;183;1.6;0.0
FR;80;2021-01-15;12189;34;76803;217;1.8;0.0
FR;80;2021-01-16;4055;34;80858;251;1.9;0.0
FR;80;2021-01-17;3746;20;84604;271;2.0;0.0
FR;80;2021-01-18;28785;77;113389;348;2.7;0.0
FR;80;2021-01-19;53876;115;167265;463;4.0;0.0
FR;80;2021-01-20;59593;134;226858;597;5.5;0.0
FR;80;2021-01-21;70064;101;296922;698;7.1;0.0
FR;80;2021-01-22;48482;80;345404;778;8.3;0.0
FR;80;2021-01-23;16247;14;361651;792;8.7;0.0
FR;80;2021-01-24;4319;3;365970;795;8.8;0.0
FR;80;2021-01-25;32481;162;398451;957;9.6;0.0
FR;80;2021-01-26;45167;548;443618;1505;10.7;0.0
FR;80;2021-01-27;50938;902;494556;2407;11.9;0.1
FR;80;2021-01-28;60125;3962;554681;6369;13.3;0.2
FR;80;2021-01-29;39390;3290;594071;9659;14.3;0.2
FR;80;2021-01-30;13251;595;607322;10254;14.6;0.2
FR;80;2021-01-31;2338;288;609660;10542;14.7;0.3
FR;80;2021-02-01;23045;2796;632705;13338;15.2;0.3
FR;80;2021-02-02;33556;7438;666261;20776;16.0;0.5
FR;80;2021-02-03;34458;7884;700719;28660;16.9;0.7
FR;80;2021-02-04;38120;12595;738839;41255;17.8;1.0
FR;80;2021-02-05;29824;9542;768663;50797;18.5;1.2
FR;80;2021-02-06;9713;2130;778376;52927;18.7;1.3
FR;80;2021-02-07;1450;1868;779826;54795;18.8;1.3
FR;80;2021-02-08;19379;11149;799205;65944;19.2;1.6
FR;80;2021-02-09;25934;25618;825139;91562;19.8;2.2
FR;80;2021-02-10;26345;28936;851484;120498;20.5;2.9
FR;80;2021-02-11;30575;38133;882059;158631;21.2;3.8
FR;80;2021-02-12;26767;24687;908826;183318;21.9;4.4
FR;80;2021-02-13;7943;6531;916769;189849;22.0;4.6
FR;80;2021-02-14;1508;3101;918277;192950;22.1;4.6
FR;80;2021-02-15;11151;28317;929428;221267;22.4;5.3
FR;80;2021-02-16;15571;38949;944999;260216;22.7;6.3
FR;80;2021-02-17;15965;44500;960964;304716;23.1;7.3
FR;80;2021-02-18;21584;52532;982548;357248;23.6;8.6
FR;80;2021-02-19;19075;37519;1001623;394767;24.1;9.5
FR;80;2021-02-20;6323;12333;1007946;407100;24.2;9.8
FR;80;2021-02-21;913;2970;1008859;410070;24.3;9.9
FR;80;2021-02-22;11189;30706;1020048;440776;24.5;10.6
FR;80;2021-02-23;17118;37292;1037166;478068;24.9;11.5
FR;80;2021-02-24;18012;37100;1055178;515168;25.4;12.4
FR;80;2021-02-25;22367;40885;1077545;556053;25.9;13.4
FR;80;2021-02-26;20580;30948;1098125;587001;26.4;14.1
FR;80;2021-02-27;7188;10289;1105313;597290;26.6;14.4
FR;80;2021-02-28;1262;2120;1106575;599410;26.6;14.4
FR;80;2021-03-01;18810;23226;1125385;622636;27.1;15.0
FR;80;2021-03-02;26924;29139;1152309;651775;27.7;15.7
FR;80;2021-03-03;28760;29288;1181069;681063;28.4;16.4
FR;80;2021-03-04;35003;29752;1216072;710815;29.2;17.1
FR;80;2021-03-05;35923;27542;1251995;738357;30.1;17.8
FR;80;2021-03-06;41425;8419;1293420;746776;31.1;18.0
FR;80;2021-03-07;29726;2100;1323146;748876;31.8;18.0
FR;80;2021-03-08;27211;22545;1350357;771421;32.5;18.6
FR;80;2021-03-09;40786;24722;1391143;796143;33.5;19.1
FR;80;2021-03-10;43164;25437;1434307;821580;34.5;19.8
FR;80;2021-03-11;51702;26962;1486009;848542;35.7;20.4
FR;80;2021-03-12;52195;23048;1538204;871590;37.0;21.0
FR;80;2021-03-13;37569;7059;1575773;878649;37.9;21.1
FR;80;2021-03-14;13907;1543;1589680;880192;38.2;21.2
FR;80;2021-03-15;44137;13984;1633817;894176;39.3;21.5
FR;80;2021-03-16;51846;17096;1685663;911272;40.5;21.9
FR;80;2021-03-17;54709;16604;1740372;927876;41.9;22.3
FR;80;2021-03-18;58564;18894;1798936;946770;43.3;22.8
FR;80;2021-03-19;57421;15788;1856357;962558;44.6;23.2
FR;80;2021-03-20;31048;5376;1887405;967934;45.4;23.3
FR;80;2021-03-21;8690;1104;1896095;969038;45.6;23.3
FR;80;2021-03-22;42895;14584;1938990;983622;46.6;23.7
FR;80;2021-03-23;55663;18082;1994653;1001704;48.0;24.1
FR;80;2021-03-24;54491;19117;2049144;1020821;49.3;24.6
FR;80;2021-03-25;64052;19656;2113196;1040477;50.8;25.0
FR;80;2021-03-26;60233;18315;2173429;1058792;52.3;25.5
FR;80;2021-03-27;26599;7384;2200028;1066176;52.9;25.6
FR;80;2021-03-28;6926;1457;2206954;1067633;53.1;25.7
FR;80;2021-03-29;32866;23419;2239820;1091052;53.9;26.2
FR;80;2021-03-30;43248;30783;2283068;1121835;54.9;27.0
FR;80;2021-03-31;40533;32118;2323601;1153953;55.9;27.8
FR;80;2021-04-01;46164;37778;2369765;1191731;57.0;28.7
FR;80;2021-04-02;37131;39764;2406896;1231495;57.9;29.6
FR;80;2021-04-03;14511;26101;2421407;1257596;58.2;30.2
FR;80;2021-04-04;3871;7575;2425278;1265171;58.3;30.4
FR;80;2021-04-05;5620;4087;2430898;1269258;58.5;30.5
FR;80;2021-04-06;27663;44975;2458561;1314233;59.1;31.6
FR;80;2021-04-07;33487;48413;2492048;1362646;59.9;32.8
FR;80;2021-04-08;40076;49548;2532124;1412194;60.9;34.0
FR;80;2021-04-09;43542;46371;2575666;1458565;61.9;35.1
FR;80;2021-04-10;19798;28891;2595464;1487456;62.4;35.8
FR;80;2021-04-11;4817;9362;2600281;1496818;62.5;36.0
FR;80;2021-04-12;23512;45161;2623793;1541979;63.1;37.1
FR;80;2021-04-13;30213;54639;2654006;1596618;63.8;38.4
FR;80;2021-04-14;29037;52154;2683043;1648772;64.5;39.7
FR;80;2021-04-15;31431;52667;2714474;1701439;65.3;40.9
FR;80;2021-04-16;26458;49001;2740932;1750440;65.9;42.1
FR;80;2021-04-17;12372;25608;2753304;1776048;66.2;42.7
FR;80;2021-04-18;2532;7623;2755836;1783671;66.3;42.9
FR;80;2021-04-19;14251;43670;2770087;1827341;66.6;43.9
FR;80;2021-04-20;17931;53044;2788018;1880385;67.1;45.2
FR;80;2021-04-21;17955;49780;2805973;1930165;67.5;46.4
FR;80;2021-04-22;20691;51211;2826664;1981376;68.0;47.7
FR;80;2021-04-23;19099;44604;2845763;2025980;68.4;48.7
FR;80;2021-04-24;9425;21206;2855188;2047186;68.7;49.2
FR;80;2021-04-25;2682;5153;2857870;2052339;68.7;49.4
FR;80;2021-04-26;12377;30579;2870247;2082918;69.0;50.1
FR;80;2021-04-27;16783;36410;2887030;2119328;69.4;51.0
FR;80;2021-04-28;18001;34593;2905031;2153921;69.9;51.8
FR;80;2021-04-29;21782;35655;2926813;2189576;70.4;52.7
FR;80;2021-04-30;20402;29568;2947215;2219144;70.9;53.4
FR;80;2021-05-01;5812;5818;2953027;2224962;71.0;53.5
FR;80;2021-05-02;2606;3857;2955633;2228819;71.1;53.6
FR;80;2021-05-03;12502;21388;2968135;2250207;71.4;54.1
FR;80;2021-05-04;13917;29959;2982052;2280166;71.7;54.8
FR;80;2021-05-05;13618;29304;2995670;2309470;72.0;55.5
FR;80;2021-05-06;15974;29518;3011644;2338988;72.4;56.3
FR;80;2021-05-07;14615;29763;3026259;2368751;72.8;57.0
FR;80;2021-05-08;4689;6047;3030948;2374798;72.9;57.1
FR;80;2021-05-09;1924;4142;3032872;2378940;72.9;57.2
FR;80;2021-05-10;9266;24339;3042138;2403279;73.2;57.8
FR;80;2021-05-11;12644;27200;3054782;2430479;73.5;58.5
FR;80;2021-05-12;11606;23576;3066388;2454055;73.7;59.0
FR;80;2021-05-13;4914;5411;3071302;2459466;73.9;59.2
FR;80;2021-05-14;10476;16382;3081778;2475848;74.1;59.5
FR;80;2021-05-15;4856;7333;3086634;2483181;74.2;59.7
FR;80;2021-05-16;1552;1527;3088186;2484708;74.3;59.8
FR;80;2021-05-17;7110;13113;3095296;2497821;74.4;60.1
FR;80;2021-05-18;9611;13483;3104907;2511304;74.7;60.4
FR;80;2021-05-19;8993;12090;3113900;2523394;74.9;60.7
FR;80;2021-05-20;10786;12630;3124686;2536024;75.2;61.0
FR;80;2021-05-21;8858;13056;3133544;2549080;75.4;61.3
FR;80;2021-05-22;3847;5193;3137391;2554273;75.5;61.4
FR;80;2021-05-23;1010;1133;3138401;2555406;75.5;61.5
FR;80;2021-05-24;2582;2224;3140983;2557630;75.5;61.5
FR;80;2021-05-25;6622;14215;3147605;2571845;75.7;61.9
FR;80;2021-05-26;6810;14202;3154415;2586047;75.9;62.2
FR;80;2021-05-27;8682;16797;3163097;2602844;76.1;62.6
FR;80;2021-05-28;8268;18062;3171365;2620906;76.3;63.0
FR;80;2021-05-29;3439;8815;3174804;2629721;76.4;63.2
FR;80;2021-05-30;637;1596;3175441;2631317;76.4;63.3
FR;80;2021-05-31;4977;12692;3180418;2644009;76.5;63.6
FR;80;2021-06-01;7291;16616;3187709;2660625;76.7;64.0
FR;80;2021-06-02;6369;14849;3194078;2675474;76.8;64.3
FR;80;2021-06-03;8444;16933;3202522;2692407;77.0;64.8
FR;80;2021-06-04;7576;18911;3210098;2711318;77.2;65.2
FR;80;2021-06-05;3360;9230;3213458;2720548;77.3;65.4
FR;80;2021-06-06;635;2042;3214093;2722590;77.3;65.5
FR;80;2021-06-07;4261;14091;3218354;2736681;77.4;65.8
FR;80;2021-06-08;6279;17356;3224633;2754037;77.6;66.2
FR;80;2021-06-09;5753;15427;3230386;2769464;77.7;66.6
FR;80;2021-06-10;7004;17014;3237390;2786478;77.9;67.0
FR;80;2021-06-11;6455;19792;3243845;2806270;78.0;67.5
FR;80;2021-06-12;2745;8274;3246590;2814544;78.1;67.7
FR;80;2021-06-13;495;2034;3247085;2816578;78.1;67.7
FR;80;2021-06-14;3187;15307;3250272;2831885;78.2;68.1
FR;80;2021-06-15;4811;18423;3255083;2850308;78.3;68.6
FR;80;2021-06-16;4350;15089;3259433;2865397;78.4;68.9
FR;80;2021-06-17;5347;17234;3264780;2882631;78.5;69.3
FR;80;2021-06-18;4813;18065;3269593;2900696;78.6;69.8
FR;80;2021-06-19;2058;6621;3271651;2907317;78.7;69.9
FR;80;2021-06-20;312;1308;3271963;2908625;78.7;70.0
FR;80;2021-06-21;2462;12041;3274425;2920666;78.8;70.2
FR;80;2021-06-22;3653;14922;3278078;2935588;78.8;70.6
FR;80;2021-06-23;3350;11976;3281428;2947564;78.9;70.9
FR;80;2021-06-24;4034;12649;3285462;2960213;79.0;71.2
FR;80;2021-06-25;3886;14588;3289348;2974801;79.1;71.5
FR;80;2021-06-26;1656;5971;3291004;2980772;79.2;71.7
FR;80;2021-06-27;293;1446;3291297;2982218;79.2;71.7
FR;80;2021-06-28;1987;9852;3293284;2992070;79.2;72.0
FR;0;2020-12-27;21;2;21;2;0.0;0.0
FR;0;2020-12-28;71;0;92;2;0.0;0.0
FR;0;2020-12-29;108;0;200;2;0.0;0.0
FR;0;2020-12-30;123;0;323;2;0.0;0.0
FR;0;2020-12-31;88;0;411;2;0.0;0.0
FR;0;2021-01-01;75;1;486;3;0.0;0.0
FR;0;2021-01-02;90;4;576;7;0.0;0.0
FR;0;2021-01-03;92;0;668;7;0.0;0.0
FR;0;2021-01-04;1482;7;2150;14;0.0;0.0
FR;0;2021-01-05;5421;22;7571;36;0.0;0.0
FR;0;2021-01-06;11330;38;18901;74;0.0;0.0
FR;0;2021-01-07;28672;71;47573;145;0.1;0.0
FR;0;2021-01-08;36334;91;83907;236;0.1;0.0
FR;0;2021-01-09;10952;20;94859;256;0.1;0.0
FR;0;2021-01-10;5648;9;100507;265;0.1;0.0
FR;0;2021-01-11;39158;115;139665;380;0.2;0.0
FR;0;2021-01-12;61071;179;200736;559;0.3;0.0
FR;0;2021-01-13;63988;223;264724;782;0.4;0.0
FR;0;2021-01-14;80111;750;344835;1532;0.5;0.0
FR;0;2021-01-15;67651;339;412486;1871;0.6;0.0
FR;0;2021-01-16;19770;143;432256;2014;0.6;0.0
FR;0;2021-01-17;10486;68;442742;2082;0.7;0.0
FR;0;2021-01-18;84551;368;527293;2450;0.8;0.0
FR;0;2021-01-19;128695;417;655988;2867;1.0;0.0
FR;0;2021-01-20;135475;418;791463;3285;1.2;0.0
FR;0;2021-01-21;155699;428;947162;3713;1.4;0.0
FR;0;2021-01-22;118991;432;1066153;4145;1.6;0.0
FR;0;2021-01-23;37893;88;1104046;4233;1.6;0.0
FR;0;2021-01-24;9382;45;1113428;4278;1.7;0.0
FR;0;2021-01-25;76973;1375;1190401;5653;1.8;0.0
FR;0;2021-01-26;98967;3312;1289368;8965;1.9;0.0
FR;0;2021-01-27;105794;5816;1395162;14781;2.1;0.0
FR;0;2021-01-28;122571;14688;1517733;29469;2.3;0.0
FR;0;2021-01-29;91017;17547;1608750;47016;2.4;0.1
FR;0;2021-01-30;28706;4284;1637456;51300;2.4;0.1
FR;0;2021-01-31;4882;1689;1642338;52989;2.4;0.1
FR;0;2021-02-01;51656;21246;1693994;74235;2.5;0.1
FR;0;2021-02-02;70783;34776;1764777;109011;2.6;0.2
FR;0;2021-02-03;71088;37205;1835865;146216;2.7;0.2
FR;0;2021-02-04;80716;50360;1916581;196576;2.9;0.3
FR;0;2021-02-05;67244;45575;1983825;242151;3.0;0.4
FR;0;2021-02-06;21365;10463;2005190;252614;3.0;0.4
FR;0;2021-02-07;4825;5098;2010015;257712;3.0;0.4
FR;0;2021-02-08;45956;46273;2055971;303985;3.1;0.5
FR;0;2021-02-09;64902;73043;2120873;377028;3.2;0.6
FR;0;2021-02-10;69388;77459;2190261;454487;3.3;0.7
FR;0;2021-02-11;85785;100279;2276046;554766;3.4;0.8
FR;0;2021-02-12;77892;75315;2353938;630081;3.5;0.9
FR;0;2021-02-13;21726;19686;2375664;649767;3.5;1.0
FR;0;2021-02-14;4600;7245;2380264;657012;3.5;1.0
FR;0;2021-02-15;37150;77162;2417414;734174;3.6;1.1
FR;0;2021-02-16;49279;101597;2466693;835771;3.7;1.2
FR;0;2021-02-17;49405;103812;2516098;939583;3.7;1.4
FR;0;2021-02-18;68164;119862;2584262;1059445;3.9;1.6
FR;0;2021-02-19;63920;91950;2648182;1151395;3.9;1.7
FR;0;2021-02-20;18028;28645;2666210;1180040;4.0;1.8
FR;0;2021-02-21;2869;6416;2669079;1186456;4.0;1.8
FR;0;2021-02-22;36602;73818;2705681;1260274;4.0;1.9
FR;0;2021-02-23;52728;84961;2758409;1345235;4.1;2.0
FR;0;2021-02-24;58214;82023;2816623;1427258;4.2;2.1
FR;0;2021-02-25;98929;93297;2915552;1520555;4.3;2.3
FR;0;2021-02-26;111942;72885;3027494;1593440;4.5;2.4
FR;0;2021-02-27;51277;22649;3078771;1616089;4.6;2.4
FR;0;2021-02-28;5690;4509;3084461;1620598;4.6;2.4
FR;0;2021-03-01;63757;53825;3148218;1674423;4.7;2.5
FR;0;2021-03-02;99496;67879;3247714;1742302;4.8;2.6
FR;0;2021-03-03;113985;67577;3361699;1809879;5.0;2.7
FR;0;2021-03-04;160891;71980;3522590;1881859;5.2;2.8
FR;0;2021-03-05;198400;67165;3720990;1949024;5.5;2.9
FR;0;2021-03-06;205694;20556;3926684;1969580;5.9;2.9
FR;0;2021-03-07;120002;7075;4046686;1976655;6.0;2.9
FR;0;2021-03-08;105167;52647;4151853;2029302;6.2;3.0
FR;0;2021-03-09;170129;59657;4321982;2088959;6.4;3.1
FR;0;2021-03-10;176164;60109;4498146;2149068;6.7;3.2
FR;0;2021-03-11;240026;67475;4738172;2216543;7.1;3.3
FR;0;2021-03-12;291738;58587;5029910;2275130;7.5;3.4
FR;0;2021-03-13;229107;18284;5259017;2293414;7.8;3.4
FR;0;2021-03-14;62345;4412;5321362;2297826;7.9;3.4
FR;0;2021-03-15;156327;35378;5477689;2333204;8.2;3.5
FR;0;2021-03-16;139564;41909;5617253;2375113;8.4;3.5
FR;0;2021-03-17;148387;41517;5765640;2416630;8.6;3.6
FR;0;2021-03-18;165456;48304;5931096;2464934;8.8;3.7
FR;0;2021-03-19;227295;42217;6158391;2507151;9.2;3.7
FR;0;2021-03-20;165010;14662;6323401;2521813;9.4;3.8
FR;0;2021-03-21;48802;3704;6372203;2525517;9.5;3.8
FR;0;2021-03-22;167557;37932;6539760;2563449;9.7;3.8
FR;0;2021-03-23;247450;47620;6787210;2611069;10.1;3.9
FR;0;2021-03-24;253997;49291;7041207;2660360;10.5;4.0
FR;0;2021-03-25;338659;52159;7379866;2712519;11.0;4.0
FR;0;2021-03-26;355838;49952;7735704;2762471;11.5;4.1
FR;0;2021-03-27;193574;20978;7929278;2783449;11.8;4.1
FR;0;2021-03-28;58415;5091;7987693;2788540;11.9;4.2
FR;0;2021-03-29;200888;59022;8188581;2847562;12.2;4.2
FR;0;2021-03-30;282671;77022;8471252;2924584;12.6;4.4
FR;0;2021-03-31;260236;80254;8731488;3004838;13.0;4.5
FR;0;2021-04-01;310994;97463;9042482;3102301;13.5;4.6
FR;0;2021-04-02;278522;100462;9321004;3202763;13.9;4.8
FR;0;2021-04-03;139470;65617;9460474;3268380;14.1;4.9
FR;0;2021-04-04;44943;20149;9505417;3288529;14.2;4.9
FR;0;2021-04-05;58862;12974;9564279;3301503;14.3;4.9
FR;0;2021-04-06;213898;114325;9778177;3415828;14.6;5.1
FR;0;2021-04-07;256825;123841;10035002;3539669;15.0;5.3
FR;0;2021-04-08;333605;133131;10368607;3672800;15.4;5.5
FR;0;2021-04-09;405980;129240;10774587;3802040;16.1;5.7
FR;0;2021-04-10;210458;89042;10985045;3891082;16.4;5.8
FR;0;2021-04-11;54952;36563;11039997;3927645;16.4;5.9
FR;0;2021-04-12;234287;122493;11274284;4050138;16.8;6.0
FR;0;2021-04-13;305936;154807;11580220;4204945;17.3;6.3
FR;0;2021-04-14;290305;149585;11870525;4354530;17.7;6.5
FR;0;2021-04-15;332436;159844;12202961;4514374;18.2;6.7
FR;0;2021-04-16;335911;157025;12538872;4671399;18.7;7.0
FR;0;2021-04-17;186679;96330;12725551;4767729;19.0;7.1
FR;0;2021-04-18;50498;37405;12776049;4805134;19.0;7.2
FR;0;2021-04-19;203058;145775;12979107;4950909;19.3;7.4
FR;0;2021-04-20;251184;180190;13230291;5131099;19.7;7.6
FR;0;2021-04-21;249752;178514;13480043;5309613;20.1;7.9
FR;0;2021-04-22;283794;199905;13763837;5509518;20.5;8.2
FR;0;2021-04-23;291543;196135;14055380;5705653;20.9;8.5
FR;0;2021-04-24;188353;120367;14243733;5826020;21.2;8.7
FR;0;2021-04-25;68442;42037;14312175;5868057;21.3;8.7
FR;0;2021-04-26;218252;167633;14530427;6035690;21.7;9.0
FR;0;2021-04-27;281373;208361;14811800;6244051;22.1;9.3
FR;0;2021-04-28;296422;205666;15108222;6449717;22.5;9.6
FR;0;2021-04-29;353462;227949;15461684;6677666;23.0;9.9
FR;0;2021-04-30;368524;221085;15830208;6898751;23.6;10.3
FR;0;2021-05-01;164265;62326;15994473;6961077;23.8;10.4
FR;0;2021-05-02;90232;42797;16084705;7003874;24.0;10.4
FR;0;2021-05-03;284551;188232;16369256;7192106;24.4;10.7
FR;0;2021-05-04;311531;248184;16680787;7440290;24.9;11.1
FR;0;2021-05-05;321491;247436;17002278;7687726;25.3;11.5
FR;0;2021-05-06;374231;270640;17376509;7958366;25.9;11.9
FR;0;2021-05-07;368207;296102;17744716;8254468;26.4;12.3
FR;0;2021-05-08;218897;80501;17963613;8334969;26.8;12.4
FR;0;2021-05-09;128380;54719;18091993;8389688;27.0;12.5
FR;0;2021-05-10;307637;252988;18399630;8642676;27.4;12.9
FR;0;2021-05-11;398976;294396;18798606;8937072;28.0;13.3
FR;0;2021-05-12;427878;267127;19226484;9204199;28.6;13.7
FR;0;2021-05-13;333687;77065;19560171;9281264;29.1;13.8
FR;0;2021-05-14;448759;201212;20008930;9482476;29.8;14.1
FR;0;2021-05-15;369808;118906;20378738;9601382;30.4;14.3
FR;0;2021-05-16;200696;33564;20579434;9634946;30.7;14.4
FR;0;2021-05-17;371739;177505;20951173;9812451;31.2;14.6
FR;0;2021-05-18;451632;189870;21402805;10002321;31.9;14.9
FR;0;2021-05-19;460608;180195;21863413;10182516;32.6;15.2
FR;0;2021-05-20;498766;201606;22362179;10384122;33.3;15.5
FR;0;2021-05-21;481424;218608;22843603;10602730;34.0;15.8
FR;0;2021-05-22;342575;106873;23186178;10709603;34.5;16.0
FR;0;2021-05-23;159318;26167;23345496;10735770;34.8;16.0
FR;0;2021-05-24;258315;52046;23603811;10787816;35.2;16.1
FR;0;2021-05-25;392442;224008;23996253;11011824;35.8;16.4
FR;0;2021-05-26;402854;223845;24399107;11235669;36.4;16.7
FR;0;2021-05-27;442447;263804;24841554;11499473;37.0;17.1
FR;0;2021-05-28;422541;315699;25264095;11815172;37.6;17.6
FR;0;2021-05-29;295038;181037;25559133;11996209;38.1;17.9
FR;0;2021-05-30;104918;41658;25664051;12037867;38.2;17.9
FR;0;2021-05-31;352233;240314;26016284;12278181;38.8;18.3
FR;0;2021-06-01;413961;300976;26430245;12579157;39.4;18.7
FR;0;2021-06-02;401679;275813;26831924;12854970;40.0;19.2
FR;0;2021-06-03;451519;311262;27283443;13166232;40.7;19.6
FR;0;2021-06-04;442262;360061;27725705;13526293;41.3;20.2
FR;0;2021-06-05;298480;221033;28024185;13747326;41.8;20.5
FR;0;2021-06-06;129280;60632;28153465;13807958;41.9;20.6
FR;0;2021-06-07;328871;298057;28482336;14106015;42.4;21.0
FR;0;2021-06-08;381624;335893;28863960;14441908;43.0;21.5
FR;0;2021-06-09;373443;318365;29237403;14760273;43.6;22.0
FR;0;2021-06-10;387293;336093;29624696;15096366;44.1;22.5
FR;0;2021-06-11;375819;406080;30000515;15502446;44.7;23.1
FR;0;2021-06-12;276684;242214;30277199;15744660;45.1;23.5
FR;0;2021-06-13;101568;84486;30378767;15829146;45.3;23.6
FR;0;2021-06-14;230173;383940;30608940;16213086;45.6;24.2
FR;0;2021-06-15;295249;423137;30904189;16636223;46.0;24.8
FR;0;2021-06-16;303604;393744;31207793;17029967;46.5;25.4
FR;0;2021-06-17;307812;411405;31515605;17441372;47.0;26.0
FR;0;2021-06-18;309237;484266;31824842;17925638;47.4;26.7
FR;0;2021-06-19;218949;299816;32043791;18225454;47.7;27.2
FR;0;2021-06-20;70584;111243;32114375;18336697;47.8;27.3
FR;0;2021-06-21;186720;426932;32301095;18763629;48.1;28.0
FR;0;2021-06-22;214123;498621;32515218;19262250;48.4;28.7
FR;0;2021-06-23;224429;472480;32739647;19734730;48.8;29.4
FR;0;2021-06-24;230496;444680;32970143;20179410;49.1;30.1
FR;0;2021-06-25;216724;559300;33186867;20738710;49.4;30.9
FR;0;2021-06-26;148008;394410;33334875;21133120;49.7;31.5
FR;0;2021-06-27;53777;164745;33388652;21297865;49.7;31.7
FR;0;2021-06-28;145076;476710;33533728;21774575;50.0;32.4
